1552137377.821678,0
1552137377.837261,0
1552137377.850759,0
1552137377.865110,0
1552137377.880167,0
1552137377.893838,0
1552137377.906854,0
1552137377.920364,0
1552137377.932904,0
1552137377.946995,0
1552137377.960806,0
1552137377.973493,0
1552137377.986232,0
1552137378.000010,0
1552137378.015156,0
1552137378.028995,0
1552137378.042801,0
1552137378.056614,0
1552137378.071716,0
1552137378.086276,0
1552137378.098948,0
1552137378.111589,0
1552137378.125040,0
1552137378.139896,0
1552137378.153215,0
1552137378.167957,0
1552137378.181641,0
1552137378.195270,0
1552137378.207981,0
1552137378.220619,0
1552137378.236174,0
1552137378.249154,0
1552137378.264447,0
1552137378.288570,0
1552137378.314259,0
1552137378.332596,0
1552137378.357836,0
1552137378.381490,0
1552137378.396135,0
1552137378.411381,0
1552137378.424682,0
1552137378.437695,0
1552137378.451712,0
1552137378.467651,0
1552137378.482022,0
1552137378.494689,0
1552137378.508226,0
1552137378.522042,0
1552137378.550520,0
1552137378.572205,0
1552137378.585745,0
1552137378.599682,0
1552137378.612809,0
1552137378.626866,0
1552137378.641263,0
1552137378.654268,0
1552137378.668205,0
1552137378.682078,0
1552137378.695663,0
1552137378.708308,0
1552137378.722089,0
1552137378.735667,0
1552137378.748722,0
1552137378.762201,0
1552137378.774983,0
1552137378.788540,0
1552137378.803705,0
1552137378.817083,0
1552137378.830182,0
1552137378.843765,0
1552137378.856508,0
1552137378.870168,0
1552137378.883246,0
1552137378.897134,0
1552137378.909802,0
1552137378.924453,0
1552137378.938598,0
1552137378.960237,0
1552137378.974665,0
1552137378.989813,0
1552137379.006059,0
1552137379.022779,0
1552137379.037543,0
1552137379.053600,0
1552137379.074599,0
1552137379.088980,0
1552137379.102981,0
1552137379.116334,0
1552137379.130718,0
1552137379.146006,0
1552137379.159756,0
1552137379.173628,0
1552137379.186653,0
1552137379.201585,0
1552137379.216867,0
1552137379.229775,0
1552137379.243323,0
1552137379.257496,0
1552137379.274244,0
1552137379.291080,0
1552137379.305079,0
1552137379.322267,0
1552137379.337127,0
1552137379.352244,0
1552137379.365851,0
1552137379.378529,0
1552137379.392988,0
1552137379.407894,0
1552137379.427409,0
1552137379.443302,0
1552137379.461639,0
1552137379.480085,0
1552137379.500815,0
1552137379.516883,0
1552137379.532361,0
1552137379.561938,0
1552137379.576791,0
1552137379.593254,0
1552137379.606459,0
1552137379.619734,0
1552137379.633871,0
1552137379.646854,0
1552137379.660756,0
1552137379.674558,0
1552137379.687446,0
1552137379.702788,0
1552137379.718589,0
1552137379.734227,0
1552137379.748084,0
1552137379.761723,0
1552137379.774444,0
1552137379.791392,0
1552137379.806480,0
1552137379.821748,0
1552137379.836284,0
1552137379.850163,0
1552137379.866009,0
1552137379.882294,0
1552137379.902474,0
1552137379.918463,0
1552137379.934257,0
1552137379.948786,0
1552137379.963494,0
1552137379.978522,0
1552137379.993485,0
1552137380.007988,0
1552137380.023939,0
1552137380.042515,0
1552137380.061534,0
1552137380.076085,0
1552137380.092559,0
1552137380.106315,0
1552137380.119975,0
1552137380.133795,0
1552137380.158081,0
1552137380.174211,0
1552137380.189234,0
1552137380.205605,0
1552137380.219767,0
1552137380.233715,0
1552137380.247081,0
1552137380.262753,0
1552137380.275667,0
1552137380.290203,0
1552137380.304737,0
1552137380.320590,0
1552137380.336605,0
1552137380.352267,0
1552137380.369291,0
1552137380.385276,0
1552137380.400673,0
1552137380.416612,0
1552137380.432517,0
1552137380.449177,0
1552137380.462986,0
1552137380.477124,0
1552137380.492010,0
1552137380.507353,0
1552137380.566036,0
1552137380.589096,0
1552137380.611588,0
1552137380.641784,0
1552137380.662927,0
1552137380.677287,0
1552137380.690337,0
1552137380.712764,0
1552137380.726693,0
1552137380.740658,0
1552137380.755289,0
1552137380.769307,0
1552137380.782185,0
1552137380.794839,0
1552137380.808915,0
1552137380.824517,0
1552137380.838594,0
1552137380.855342,0
1552137380.871153,0
1552137380.887823,0
1552137380.904963,0
1552137380.919423,0
1552137380.933605,0
1552137380.946671,0
1552137380.961114,0
1552137380.974642,0
1552137380.989055,0
1552137381.002553,0
1552137381.017275,0
1552137381.035167,0
1552137381.048615,0
1552137381.063336,0
1552137381.079075,0
1552137381.091487,0
1552137381.106488,0
1552137381.127094,0
1552137381.146950,0
1552137381.161846,0
1552137381.175068,0
1552137381.188443,0
1552137381.203099,0
1552137381.218459,0
1552137381.233094,0
1552137381.246549,0
1552137381.259825,0
1552137381.273631,0
1552137381.289958,0
1552137381.302684,0
1552137381.316796,1
1552137381.329599,0
1552137381.345191,0
1552137381.359714,0
1552137381.376035,0
1552137381.392104,0
1552137381.408969,0
1552137381.423814,0
1552137381.440037,0
1552137381.455972,0
1552137381.469617,0
1552137381.482920,0
1552137381.498833,0
1552137381.512817,0
1552137381.526825,0
1552137381.542020,0
1552137381.555884,0
1552137381.569960,0
1552137381.584224,0
1552137381.597541,0
1552137381.611371,0
1552137381.626260,0
1552137381.639188,0
1552137381.652983,0
1552137381.667549,0
1552137381.681224,0
1552137381.694085,0
1552137381.708004,0
1552137381.733773,0
1552137381.758420,0
1552137381.779993,0
1552137381.793734,0
1552137381.809660,0
1552137381.825808,0
1552137381.845048,0
1552137381.861371,0
1552137381.876030,0
1552137381.891160,0
1552137381.905136,0
1552137381.918845,0
1552137381.933335,0
1552137381.948572,0
1552137381.963023,0
1552137381.977370,0
1552137381.994606,0
1552137382.009987,0
1552137382.027766,0
1552137382.050480,0
1552137382.069757,0
1552137382.083486,0
1552137382.113606,0
1552137382.131984,0
1552137382.148717,0
1552137382.163689,0
1552137382.178535,0
1552137382.195038,0
1552137382.210884,0
1552137382.227033,0
1552137382.242203,0
1552137382.260530,0
1552137382.277232,0
1552137382.291616,0
1552137382.307484,0
1552137382.341433,0
1552137382.367722,0
1552137382.381305,0
1552137382.394263,0
1552137382.411067,0
1552137382.428310,0
1552137382.448635,0
1552137382.469533,0
1552137382.485824,0
1552137382.501593,0
1552137382.514897,0
1552137382.528442,0
1552137382.544740,0
1552137382.560053,0
1552137382.574870,0
1552137382.588726,0
1552137382.601440,0
1552137382.616084,0
1552137382.629313,0
1552137382.642239,0
1552137382.656714,0
1552137382.671581,0
1552137382.684136,0
1552137382.696613,0
1552137382.710781,0
1552137382.724255,0
1552137382.738358,0
1552137382.753070,0
1552137382.767493,0
1552137382.780014,0
1552137382.794993,0
1552137382.807978,0
1552137382.822213,0
1552137382.835091,0
1552137382.847710,0
1552137382.861114,0
1552137382.875329,0
1552137382.889352,0
1552137382.901991,0
1552137382.921961,0
1552137382.940510,0
1552137382.957420,0
1552137382.970084,0
1552137382.982973,0
1552137382.997486,0
1552137383.011320,0
1552137383.025943,0
1552137383.040664,0
1552137383.056475,0
1552137383.070926,0
1552137383.084395,0
1552137383.097897,0
1552137383.112288,0
1552137383.127878,0
1552137383.141097,0
1552137383.155426,0
1552137383.168865,0
1552137383.182528,0
1552137383.196422,0
1552137383.210358,0
1552137383.224113,0
1552137383.236673,0
1552137383.250488,0
1552137383.264238,0
1552137383.277728,0
1552137383.291949,0
1552137383.305889,0
1552137383.318361,0
1552137383.332887,0
1552137383.345634,0
1552137383.360642,0
1552137383.374184,0
1552137383.386997,0
1552137383.400780,0
1552137383.414741,0
1552137383.430262,0
1552137383.443904,0
1552137383.456793,0
1552137383.471385,0
1552137383.484991,0
1552137383.499140,0
1552137383.512757,0
1552137383.531429,0
1552137383.548649,0
1552137383.561320,0
1552137383.577151,0
1552137383.593963,0
1552137383.607202,0
1552137383.620182,0
1552137383.633052,0
1552137383.646318,0
1552137383.667408,0
1552137383.691792,0
1552137383.713153,0
1552137383.733667,0
1552137383.759418,0
1552137383.780682,0
1552137383.802571,0
1552137383.816266,0
1552137383.840637,0
1552137383.855003,0
1552137383.869707,0
1552137383.882618,0
1552137383.896780,0
1552137383.909580,0
1552137383.923189,0
1552137383.937181,0
1552137383.950750,0
1552137383.963758,0
1552137383.978316,0
1552137383.991157,0
1552137384.004937,0
1552137384.018773,0
1552137384.031953,0
1552137384.044590,0
1552137384.058973,0
1552137384.072996,0
1552137384.085597,0
1552137384.099314,0
1552137384.113087,0
1552137384.132399,0
1552137384.150109,0
1552137384.163102,0
1552137384.177757,0
1552137384.190462,0
1552137384.203492,0
1552137384.217665,0
1552137384.231540,0
1552137384.244920,0
1552137384.258445,0
1552137384.273843,0
1552137384.289142,0
1552137384.305580,0
1552137384.320481,0
1552137384.334438,0
1552137384.348151,0
1552137384.362683,0
1552137384.375749,0
1552137384.389191,0
1552137384.402478,0
1552137384.416229,0
1552137384.429844,0
1552137384.443980,0
1552137384.458297,0
1552137384.470832,0
1552137384.484759,0
1552137384.498315,0
1552137384.511610,0
1552137384.525370,0
1552137384.537987,0
1552137384.552001,0
1552137384.566614,0
1552137384.580475,0
1552137384.594993,0
1552137384.607755,0
1552137384.623387,0
1552137384.636610,0
1552137384.649912,0
1552137384.666112,0
1552137384.680555,0
1552137384.694124,0
1552137384.706983,0
1552137384.732748,0
1552137384.751127,0
1552137384.763845,0
1552137384.778984,0
1552137384.801255,0
1552137384.828722,0
1552137384.846723,0
1552137384.874016,0
1552137384.888495,0
1552137384.903873,0
1552137384.919260,0
1552137384.933587,0
1552137384.948749,0
1552137384.961624,0
1552137384.976566,0
1552137384.993466,0
1552137385.017016,0
1552137385.030083,0
1552137385.045376,0
1552137385.063347,0
1552137385.079728,0
1552137385.093920,0
1552137385.110358,0
1552137385.126170,0
1552137385.140218,0
1552137385.154904,0
1552137385.173973,0
1552137385.186603,0
1552137385.203352,0
1552137385.216674,0
1552137385.233389,0
1552137385.247720,0
1552137385.265151,0
1552137385.280680,0
1552137385.295664,0
1552137385.313714,0
1552137385.340534,0
1552137385.358644,0
1552137385.381626,0
1552137385.398660,0
1552137385.415055,0
1552137385.429885,0
1552137385.447419,0
1552137385.464601,0
1552137385.480578,0
1552137385.496644,0
1552137385.513663,0
1552137385.530249,0
1552137385.545716,0
1552137385.563448,0
1552137385.582211,0
1552137385.595237,0
1552137385.608973,0
1552137385.622240,0
1552137385.634730,0
1552137385.650286,0
1552137385.663951,0
1552137385.677483,0
1552137385.690185,0
1552137385.706641,0
1552137385.719400,0
1552137385.732177,0
1552137385.744742,0
1552137385.757306,0
1552137385.770326,0
1552137385.783276,0
1552137385.797986,0
1552137385.810803,0
1552137385.824121,0
1552137385.837719,0
1552137385.851988,0
1552137385.865505,0
1552137385.878508,0
1552137385.891591,0
1552137385.906555,0
1552137385.920063,0
1552137385.935946,0
1552137385.948958,0
1552137385.961549,0
1552137385.976402,0
1552137385.991460,0
1552137386.004738,0
1552137386.019706,0
1552137386.033024,0
1552137386.047220,0
1552137386.060640,0
1552137386.076195,0
1552137386.089673,0
1552137386.102464,0
1552137386.117061,0
1552137386.132285,0
1552137386.146033,0
1552137386.158675,0
1552137386.172090,0
1552137386.186311,0
1552137386.201562,0
1552137386.216172,0
1552137386.229202,0
1552137386.242293,0
1552137386.256046,0
1552137386.271559,0
1552137386.285060,0
1552137386.297663,0
1552137386.312055,0
1552137386.324909,0
1552137386.338556,0
1552137386.351157,0
1552137386.365798,0
1552137386.379503,0
1552137386.392048,0
1552137386.406080,0
1552137386.418728,0
1552137386.433162,0
1552137386.446411,0
1552137386.460241,0
1552137386.474559,0
1552137386.489472,0
1552137386.502613,0
1552137386.517261,0
1552137386.537352,0
1552137386.550919,0
1552137386.563363,0
1552137386.577855,0
1552137386.590481,0
1552137386.603588,0
1552137386.618831,0
1552137386.633477,0
1552137386.647034,0
1552137386.659717,0
1552137386.674603,0
1552137386.687366,0
1552137386.700406,0
1552137386.714883,0
1552137386.727778,0
1552137386.740771,0
1552137386.755437,0
1552137386.768051,0
1552137386.781805,0
1552137386.794433,1
1552137386.807367,0
1552137386.819798,0
1552137386.833352,0
1552137386.847935,0
1552137386.860972,0
1552137386.874303,0
1552137386.886871,0
1552137386.899665,0
1552137386.913170,0
1552137386.926283,0
1552137386.940092,0
1552137386.955413,0
1552137386.968173,0
1552137386.981246,0
1552137386.994110,0
1552137387.008185,0
1552137387.020936,0
1552137387.034245,0
1552137387.048877,0
1552137387.065249,0
1552137387.078658,0
1552137387.092591,0
1552137387.108388,0
1552137387.121773,0
1552137387.137868,0
1552137387.154008,0
1552137387.167338,0
1552137387.180153,0
1552137387.193593,0
1552137387.207144,0
1552137387.219738,0
1552137387.233497,0
1552137387.248535,0
1552137387.261634,0
1552137387.274280,0
1552137387.288416,0
1552137387.302110,0
1552137387.316473,0
1552137387.332475,0
1552137387.347240,0
1552137387.362408,0
1552137387.376510,0
1552137387.390664,0
1552137387.405462,0
1552137387.418249,0
1552137387.431826,0
1552137387.445391,0
1552137387.457959,0
1552137387.470461,0
1552137387.484047,0
1552137387.498420,0
1552137387.512080,0
1552137387.526430,0
1552137387.540739,0
1552137387.554334,0
1552137387.567189,0
1552137387.580588,0
1552137387.593868,0
1552137387.607734,0
1552137387.621919,0
1552137387.634572,0
1552137387.648389,0
1552137387.663139,0
1552137387.676218,0
1552137387.690430,0
1552137387.705585,0
1552137387.718264,0
1552137387.739129,0
1552137387.754272,0
1552137387.767940,0
1552137387.781887,0
1552137387.795964,0
1552137387.811035,0
1552137387.823590,0
1552137387.837563,0
1552137387.850007,0
1552137387.865113,0
1552137387.878444,0
1552137387.891150,0
1552137387.904569,0
1552137387.918615,0
1552137387.933204,0
1552137387.946928,0
1552137387.961269,0
1552137387.973831,0
1552137387.986471,0
1552137387.999351,0
1552137388.013294,0
1552137388.029119,0
1552137388.041762,0
1552137388.056433,0
1552137388.070246,0
1552137388.082789,0
1552137388.097325,0
1552137388.110054,0
1552137388.125525,0
1552137388.139984,0
1552137388.155219,0
1552137388.170488,0
1552137388.183964,0
1552137388.198536,0
1552137388.212217,0
1552137388.228021,0
1552137388.241273,0
1552137388.254633,0
1552137388.267312,0
1552137388.280776,0
1552137388.295460,0
1552137388.308495,0
1552137388.322261,0
1552137388.342737,0
1552137388.357994,0
1552137388.371335,0
1552137388.384088,0
1552137388.396932,0
1552137388.409749,0
1552137388.424231,0
1552137388.438042,0
1552137388.450706,0
1552137388.466196,0
1552137388.480208,0
1552137388.494112,0
1552137388.508784,0
1552137388.521629,0
1552137388.536132,0
1552137388.549472,0
1552137388.563182,0
1552137388.578617,0
1552137388.596703,0
1552137388.612471,0
1552137388.626460,0
1552137388.641302,0
1552137388.654342,0
1552137388.667328,0
1552137388.680917,0
1552137388.694108,0
1552137388.706925,0
1552137388.719715,0
1552137388.733470,0
1552137388.746199,0
1552137388.760454,0
1552137388.775031,0
1552137388.789361,0
1552137388.805578,0
1552137388.825059,0
1552137388.840814,0
1552137388.857681,0
1552137388.873548,0
1552137388.887200,0
1552137388.900888,0
1552137388.917929,0
1552137388.955910,0
1552137388.972539,0
1552137388.988681,0
1552137389.004223,0
1552137389.017619,0
1552137389.032617,0
1552137389.045911,0
1552137389.062351,0
1552137389.077045,0
1552137389.093785,0
1552137389.109308,0
1552137389.123595,0
1552137389.140051,0
1552137389.159405,0
1552137389.175541,0
1552137389.190991,0
1552137389.204544,0
1552137389.221482,0
1552137389.235637,0
1552137389.252241,0
1552137389.267487,0
1552137389.284840,0
1552137389.300985,0
1552137389.318123,0
1552137389.334441,0
1552137389.350693,0
1552137389.366196,0
1552137389.382288,0
1552137389.396457,0
1552137389.410190,0
1552137389.424233,0
1552137389.441521,0
1552137389.454642,0
1552137389.469211,0
1552137389.484020,0
1552137389.499547,0
1552137389.513783,0
1552137389.527907,0
1552137389.556730,0
1552137389.572663,0
1552137389.588048,0
1552137389.603911,0
1552137389.622610,0
1552137389.639285,0
1552137389.657672,0
1552137389.671086,0
1552137389.692027,0
1552137389.706865,0
1552137389.725838,0
1552137389.741473,0
1552137389.757539,0
1552137389.772386,0
1552137389.789432,0
1552137389.807364,0
1552137389.826132,0
1552137389.844438,0
1552137389.862790,0
1552137389.875597,0
1552137389.888998,0
1552137389.904237,0
1552137389.918980,0
1552137389.934334,0
1552137389.948206,0
1552137389.962020,0
1552137389.976188,0
1552137389.990314,0
1552137390.004326,0
1552137390.021328,0
1552137390.034038,0
1552137390.048271,0
1552137390.064997,0
1552137390.079238,0
1552137390.095177,0
1552137390.110471,0
1552137390.124025,0
1552137390.152178,0
1552137390.169984,0
1552137390.183527,0
1552137390.198406,0
1552137390.212756,0
1552137390.227865,0
1552137390.241603,0
1552137390.256648,0
1552137390.269821,0
1552137390.284211,0
1552137390.297846,0
1552137390.313078,0
1552137390.325684,0
1552137390.339878,0
1552137390.355029,0
1552137390.368842,0
1552137390.383737,0
1552137390.400078,0
1552137390.413927,0
1552137390.428072,0
1552137390.441511,0
1552137390.460762,0
1552137390.474218,0
1552137390.490968,0
1552137390.508630,0
1552137390.528927,0
1552137390.544495,0
1552137390.560207,0
1552137390.578160,0
1552137390.594156,0
1552137390.607356,0
1552137390.624560,0
1552137390.644176,0
1552137390.660254,0
1552137390.678801,0
1552137390.693229,0
1552137390.707998,0
1552137390.721703,0
1552137390.747448,0
1552137390.763492,0
1552137390.777103,0
1552137390.792193,0
1552137390.810181,0
1552137390.824239,0
1552137390.839355,0
1552137390.857318,0
1552137390.874626,0
1552137390.891764,0
1552137390.908048,0
1552137390.925474,0
1552137390.939638,0
1552137390.953723,0
1552137390.967188,0
1552137390.980363,0
1552137390.993765,0
1552137391.010427,0
1552137391.026910,0
1552137391.043521,0
1552137391.059982,0
1552137391.076790,0
1552137391.094287,0
1552137391.110403,0
1552137391.126399,0
1552137391.142908,0
1552137391.159718,0
1552137391.176216,0
1552137391.192782,0
1552137391.208257,0
1552137391.225150,0
1552137391.240979,0
1552137391.258348,0
1552137391.272855,0
1552137391.290589,0
1552137391.307324,0
1552137391.322365,0
1552137391.355600,0
1552137391.373923,0
1552137391.386952,0
1552137391.401340,0
1552137391.415992,0
1552137391.430440,0
1552137391.444168,0
1552137391.458094,0
1552137391.470909,0
1552137391.485585,0
1552137391.500879,0
1552137391.517625,0
1552137391.534279,0
1552137391.555793,0
1552137391.570573,0
1552137391.585153,0
1552137391.598799,0
1552137391.611502,0
1552137391.625888,0
1552137391.639554,0
1552137391.652224,0
1552137391.665831,0
1552137391.678430,0
1552137391.692115,0
1552137391.706880,0
1552137391.720830,0
1552137391.733984,0
1552137391.747031,0
1552137391.761153,0
1552137391.774968,0
1552137391.788729,0
1552137391.804864,0
1552137391.820900,0
1552137391.835130,0
1552137391.849022,0
1552137391.862113,0
1552137391.877506,0
1552137391.893362,0
1552137391.909070,0
1552137391.925022,0
1552137391.938415,0
1552137391.951371,0
1552137391.965862,0
1552137391.981237,0
1552137391.995397,0
1552137392.013239,0
1552137392.028044,0
1552137392.042395,0
1552137392.057517,0
1552137392.071781,0
1552137392.087119,0
1552137392.102661,0
1552137392.124126,0
1552137392.137828,0
1552137392.152341,0
1552137392.165072,0
1552137392.178871,0
1552137392.192971,0
1552137392.208607,0
1552137392.221865,0
1552137392.235403,0
1552137392.249981,0
1552137392.262588,0
1552137392.276807,0
1552137392.290112,0
1552137392.305428,0
1552137392.317991,0
1552137392.332679,0
1552137392.346961,0
1552137392.361194,0
1552137392.375903,0
1552137392.389295,0
1552137392.404327,0
1552137392.418086,0
1552137392.431576,0
1552137392.445490,0
1552137392.459680,0
1552137392.473189,0
1552137392.486976,0
1552137392.501374,0
1552137392.515170,0
1552137392.531901,0
1552137392.547488,0
1552137392.562983,0
1552137392.580909,0
1552137392.594658,0
1552137392.608552,0
1552137392.622551,0
1552137392.635771,0
1552137392.648954,0
1552137392.661486,0
1552137392.675016,0
1552137392.689000,0
1552137392.703455,0
1552137392.717957,0
1552137392.733629,0
1552137392.746656,0
1552137392.760014,0
1552137392.773041,0
1552137392.786940,0
1552137392.799786,0
1552137392.814092,0
1552137392.826798,0
1552137392.839282,0
1552137392.852975,0
1552137392.867355,0
1552137392.880573,0
1552137392.893872,0
1552137392.907389,0
1552137392.935102,0
1552137392.952754,0
1552137392.976882,0
1552137392.994490,0
1552137393.007249,0
1552137393.020226,0
1552137393.032801,0
1552137393.046630,0
1552137393.059687,0
1552137393.074504,0
1552137393.088850,0
1552137393.102503,0
1552137393.117215,0
1552137393.131947,0
1552137393.147074,0
1552137393.159599,0
1552137393.173055,0
1552137393.187500,0
1552137393.199973,0
1552137393.212872,0
1552137393.227144,0
1552137393.240899,0
1552137393.254646,0
1552137393.269824,0
1552137393.282523,0
1552137393.296107,0
1552137393.308738,0
1552137393.322197,0
1552137393.335111,0
1552137393.348546,0
1552137393.363155,0
1552137393.378413,0
1552137393.392967,0
1552137393.408193,0
1552137393.422737,0
1552137393.435473,0
1552137393.448686,0
1552137393.462804,0
1552137393.475479,0
1552137393.489872,0
1552137393.503224,0
1552137393.517414,0
1552137393.531850,0
1552137393.545418,0
1552137393.557964,0
1552137393.571518,0
1552137393.585607,0
1552137393.599531,0
1552137393.613458,0
1552137393.626477,0
1552137393.640047,0
1552137393.665822,0
1552137393.688057,0
1552137393.711213,0
1552137393.733068,0
1552137393.753912,0
1552137393.776380,0
1552137393.798254,0
1552137393.810793,0
1552137393.850641,0
1552137393.868399,0
1552137393.881950,0
1552137393.896706,0
1552137393.912238,0
1552137393.925570,0
1552137393.940786,0
1552137393.957008,0
1552137393.973081,0
1552137393.987623,0
1552137394.002272,0
1552137394.015208,0
1552137394.028789,0
1552137394.041912,0
1552137394.057237,0
1552137394.079337,0
1552137394.094463,0
1552137394.107718,0
1552137394.121549,0
1552137394.136822,0
1552137394.151359,0
1552137394.165734,0
1552137394.180917,0
1552137394.195023,0
1552137394.208803,0
1552137394.223780,0
1552137394.237723,0
1552137394.252768,0
1552137394.268029,0
1552137394.284257,0
1552137394.300087,0
1552137394.314936,0
1552137394.328570,0
1552137394.341881,0
1552137394.355889,0
1552137394.368729,0
1552137394.384091,0
1552137394.397331,0
1552137394.410432,0
1552137394.424115,0
1552137394.437508,0
1552137394.450327,0
1552137394.465717,0
1552137394.478816,0
1552137394.492150,0
1552137394.506383,0
1552137394.519234,0
1552137394.532846,0
1552137394.547462,0
1552137394.561256,0
1552137394.573805,0
1552137394.586475,0
1552137394.600398,0
1552137394.614863,0
1552137394.627494,0
1552137394.642427,0
1552137394.657279,0
1552137394.671316,0
1552137394.684199,0
1552137394.696844,0
1552137394.710121,0
1552137394.724662,0
1552137394.738761,0
1552137394.752458,0
1552137394.766910,0
1552137394.780738,0
1552137394.793301,0
1552137394.807848,0
1552137394.822917,0
1552137394.837673,0
1552137394.850295,0
1552137394.864141,0
1552137394.878320,0
1552137394.890961,0
1552137394.905401,0
1552137394.918320,0
1552137394.931305,0
1552137394.944329,1
1552137394.957156,0
1552137394.970089,0
1552137394.982666,0
1552137394.995979,0
1552137395.008982,0
1552137395.022325,0
1552137395.034940,0
1552137395.049239,0
1552137395.061854,0
1552137395.076346,0
1552137395.093281,0
1552137395.107174,0
1552137395.119755,0
1552137395.133257,0
1552137395.147445,0
1552137395.162061,0
1552137395.175439,0
1552137395.189588,0
1552137395.203807,0
1552137395.216496,0
1552137395.231647,0
1552137395.246873,0
1552137395.259476,0
1552137395.272924,0
1552137395.290569,0
1552137395.315391,0
1552137395.334205,0
1552137395.358107,0
1552137395.373842,0
1552137395.390758,0
1552137395.405268,0
1552137395.420321,0
1552137395.434076,0
1552137395.448127,0
1552137395.461039,0
1552137395.475012,0
1552137395.489834,0
1552137395.512270,0
1552137395.536690,0
1552137395.550845,0
1552137395.567155,0
1552137395.580538,0
1552137395.597406,0
1552137395.610901,0
1552137395.625531,0
1552137395.639519,0
1552137395.653835,0
1552137395.668663,0
1552137395.682634,0
1552137395.697665,0
1552137395.716211,0
1552137395.730309,0
1552137395.742791,0
1552137395.756594,0
1552137395.769767,0
1552137395.783755,0
1552137395.797657,0
1552137395.810517,0
1552137395.826084,0
1552137395.839422,0
1552137395.853584,0
1552137395.866488,0
1552137395.879877,0
1552137395.893457,0
1552137395.907183,0
1552137395.919936,0
1552137395.934856,0
1552137395.947459,0
1552137395.960957,0
1552137395.975246,0
1552137395.987905,0
1552137396.001740,0
1552137396.014442,0
1552137396.027147,0
1552137396.040236,0
1552137396.053214,0
1552137396.066624,0
1552137396.080128,0
1552137396.095946,0
1552137396.108748,0
1552137396.123131,0
1552137396.136040,0
1552137396.149420,0
1552137396.164939,0
1552137396.178889,0
1552137396.191519,0
1552137396.206461,0
1552137396.219237,0
1552137396.234273,0
1552137396.247064,0
1552137396.261099,0
1552137396.273887,0
1552137396.288759,0
1552137396.302131,0
1552137396.316394,0
1552137396.331811,0
1552137396.347092,0
1552137396.360688,0
1552137396.373223,0
1552137396.387582,0
1552137396.400062,0
1552137396.413419,0
1552137396.426926,0
1552137396.443572,0
1552137396.457077,0
1552137396.474692,0
1552137396.497491,0
1552137396.513223,0
1552137396.526976,0
1552137396.539582,0
1552137396.555755,0
1552137396.572641,0
1552137396.586738,0
1552137396.600465,0
1552137396.614340,0
1552137396.626965,0
1552137396.640691,0
1552137396.656123,0
1552137396.671089,0
1552137396.684116,0
1552137396.699170,0
1552137396.712161,0
1552137396.725777,0
1552137396.739670,0
1552137396.755171,0
1552137396.768910,0
1552137396.781503,0
1552137396.794091,0
1552137396.807215,0
1552137396.820643,0
1552137396.835538,0
1552137396.849833,0
1552137396.864617,0
1552137396.878711,0
1552137396.891743,0
1552137396.907624,0
1552137396.928065,0
1552137396.944427,0
1552137396.958138,0
1552137396.973997,0
1552137396.987522,0
1552137397.002177,0
1552137397.015707,0
1552137397.031043,0
1552137397.046053,0
1552137397.060607,0
1552137397.074999,0
1552137397.087617,0
1552137397.101187,0
1552137397.113880,0
1552137397.126629,0
1552137397.140905,0
1552137397.154573,0
1552137397.167669,0
1552137397.181020,0
1552137397.193941,0
1552137397.206344,0
1552137397.219143,0
1552137397.232880,0
1552137397.246433,0
1552137397.259916,0
1552137397.274972,0
1552137397.287600,0
1552137397.300219,0
1552137397.314728,0
1552137397.328357,0
1552137397.346685,0
1552137397.368527,0
1552137397.383352,0
1552137397.398868,0
1552137397.413535,0
1552137397.427470,0
1552137397.440242,0
1552137397.456682,0
1552137397.471043,0
1552137397.484305,0
1552137397.499132,0
1552137397.514584,0
1552137397.527437,0
1552137397.540148,0
1552137397.554317,0
1552137397.567011,0
1552137397.582297,0
1552137397.595964,0
1552137397.609496,0
1552137397.625111,0
1552137397.640638,0
1552137397.656387,0
1552137397.670159,0
1552137397.683587,0
1552137397.696721,0
1552137397.710814,0
1552137397.725632,0
1552137397.739157,0
1552137397.752471,0
1552137397.766531,0
1552137397.780648,0
1552137397.793761,0
1552137397.808623,0
1552137397.824345,0
1552137397.839475,0
1552137397.853013,0
1552137397.866963,0
1552137397.880083,0
1552137397.893175,0
1552137397.908061,0
1552137397.921936,0
1552137397.935252,0
1552137397.958558,0
1552137397.973139,0
1552137397.986444,0
1552137397.999075,0
1552137398.012319,0
1552137398.025016,0
1552137398.038619,0
1552137398.052463,0
1552137398.066525,0
1552137398.080129,0
1552137398.094585,0
1552137398.109175,0
1552137398.122522,0
1552137398.136353,0
1552137398.149580,0
1552137398.163031,0
1552137398.177126,0
1552137398.190613,0
1552137398.203393,0
1552137398.216722,0
1552137398.229885,0
1552137398.242779,0
1552137398.255985,0
1552137398.269127,0
1552137398.282524,0
1552137398.297002,0
1552137398.309962,0
1552137398.325343,0
1552137398.339666,0
1552137398.354168,0
1552137398.367231,0
1552137398.381240,0
1552137398.397124,0
1552137398.409797,0
1552137398.425393,0
1552137398.439163,0
1552137398.452276,0
1552137398.467035,0
1552137398.480496,0
1552137398.494986,0
1552137398.509122,0
1552137398.521847,0
1552137398.535586,0
1552137398.558411,0
1552137398.572563,0
1552137398.586094,0
1552137398.602215,0
1552137398.616587,0
1552137398.631048,0
1552137398.643930,0
1552137398.658010,0
1552137398.674369,0
1552137398.688712,0
1552137398.701434,0
1552137398.714943,0
1552137398.727621,0
1552137398.740367,0
1552137398.756859,0
1552137398.769644,0
1552137398.783063,0
1552137398.797575,0
1552137398.810176,0
1552137398.823889,0
1552137398.839475,0
1552137398.856405,0
1552137398.871229,0
1552137398.884963,0
1552137398.898526,0
1552137398.913078,0
1552137398.929217,0
1552137398.942899,0
1552137398.955571,0
1552137398.970466,0
1552137398.985437,0
1552137398.998518,0
1552137399.012629,0
1552137399.027202,0
1552137399.040467,0
1552137399.054410,0
1552137399.067374,0
1552137399.082139,0
1552137399.094892,0
1552137399.109544,0
1552137399.123869,0
1552137399.141911,0
1552137399.176124,0
1552137399.193709,0
1552137399.213939,0
1552137399.226676,0
1552137399.243068,0
1552137399.259566,0
1552137399.280404,0
1552137399.321633,0
1552137399.348444,0
1552137399.367971,0
1552137399.398716,0
1552137399.419074,0
1552137399.446044,0
1552137399.467324,0
1552137399.487397,0
1552137399.506171,0
1552137399.526547,0
1552137399.544498,0
1552137399.559552,0
1552137399.574213,0
1552137399.590660,0
1552137399.617722,0
1552137399.641432,0
1552137399.661746,0
1552137399.675383,0
1552137399.689120,0
1552137399.701694,0
1552137399.715494,0
1552137399.729146,0
1552137399.742363,0
1552137399.757733,0
1552137399.770479,0
1552137399.785975,0
1552137399.798882,0
1552137399.812269,0
1552137399.825919,0
1552137399.839860,0
1552137399.855231,0
1552137399.868089,0
1552137399.881701,0
1552137399.895720,0
1552137399.908182,0
1552137399.922214,0
1552137399.936765,0
1552137399.951548,0
1552137399.965089,0
1552137399.978212,0
1552137399.992528,0
1552137400.006468,0
1552137400.020016,0
1552137400.033480,0
1552137400.046458,0
1552137400.059337,0
1552137400.073240,0
1552137400.087289,0
1552137400.101775,0
1552137400.115530,0
1552137400.130404,0
1552137400.144473,0
1552137400.157988,0
1552137400.172294,0
1552137400.185581,0
1552137400.198244,0
1552137400.211357,0
1552137400.224269,0
1552137400.240332,0
1552137400.255089,0
1552137400.267740,0
1552137400.282043,0
1552137400.296849,0
1552137400.311812,0
1552137400.325203,0
1552137400.339688,0
1552137400.366232,0
1552137400.385478,0
1552137400.405173,0
1552137400.418650,0
1552137400.433545,0
1552137400.448229,0
1552137400.475132,0
1552137400.509065,0
1552137400.532928,0
1552137400.556126,0
1552137400.570044,0
1552137400.584385,0
1552137400.599934,0
1552137400.612757,0
1552137400.626367,0
1552137400.639365,0
1552137400.652523,0
1552137400.666847,0
1552137400.697233,0
1552137400.732389,0
1552137400.749716,0
1552137400.766372,0
1552137400.780941,0
1552137400.796129,0
1552137400.810591,0
1552137400.834650,0
1552137400.849448,0
1552137400.865539,0
1552137400.879952,0
1552137400.903727,0
1552137400.919437,0
1552137400.933624,0
1552137400.949395,0
1552137400.967113,0
1552137400.981169,0
1552137400.994055,0
1552137401.010074,0
1552137401.024419,0
1552137401.038708,0
1552137401.052204,0
1552137401.065091,0
1552137401.079223,0
1552137401.092688,0
1552137401.106488,0
1552137401.119896,0
1552137401.134144,0
1552137401.148200,0
1552137401.161869,0
1552137401.175557,0
1552137401.189111,0
1552137401.202014,0
1552137401.215090,0
1552137401.229965,0
1552137401.242949,0
1552137401.256626,0
1552137401.270960,0
1552137401.284282,0
1552137401.298609,0
1552137401.311156,0
1552137401.324697,0
1552137401.340673,0
1552137401.354860,0
1552137401.368540,0
1552137401.381487,0
1552137401.394050,0
1552137401.408893,0
1552137401.423499,0
1552137401.437253,0
1552137401.450268,0
1552137401.463949,0
1552137401.477685,0
1552137401.490301,0
1552137401.505639,0
1552137401.518937,0
1552137401.532451,0
1552137401.546129,0
1552137401.567020,0
1552137401.581635,0
1552137401.594327,0
1552137401.607680,0
1552137401.621332,0
1552137401.634215,0
1552137401.646971,0
1552137401.660597,0
1552137401.676905,0
1552137401.690529,0
1552137401.704188,0
1552137401.717530,0
1552137401.731898,0
1552137401.747312,0
1552137401.760325,0
1552137401.773796,0
1552137401.786548,0
1552137401.799200,0
1552137401.812978,0
1552137401.826056,0
1552137401.839967,0
1552137401.854778,0
1552137401.867944,0
1552137401.883731,0
1552137401.897747,0
1552137401.911392,0
1552137401.924853,0
1552137401.939325,0
1552137401.952763,0
1552137401.966228,0
1552137401.979414,0
1552137401.993625,0
1552137402.007078,0
1552137402.020286,0
1552137402.035394,0
1552137402.050759,0
1552137402.064289,0
1552137402.081855,0
1552137402.095901,0
1552137402.109850,0
1552137402.123613,0
1552137402.137344,0
1552137402.150899,0
1552137402.173791,0
1552137402.188704,0
1552137402.203012,0
1552137402.216498,0
1552137402.229429,0
1552137402.242460,0
1552137402.257476,0
1552137402.271095,0
1552137402.285115,0
1552137402.297740,0
1552137402.311013,0
1552137402.323624,0
1552137402.337348,0
1552137402.350556,0
1552137402.366464,0
1552137402.380964,0
1552137402.394108,0
1552137402.406873,0
1552137402.420349,0
1552137402.433900,0
1552137402.449659,0
1552137402.462254,0
1552137402.476676,0
1552137402.491677,0
1552137402.505631,0
1552137402.520235,0
1552137402.540652,0
1552137402.555789,0
1552137402.568766,0
1552137402.581991,0
1552137402.617402,0
1552137402.651278,0
1552137402.670565,1
1552137402.685289,0
1552137402.698162,0
1552137402.712605,0
1552137402.727249,0
1552137402.740198,0
1552137402.754058,0
1552137402.772963,0
1552137402.786987,0
1552137402.801522,0
1552137402.814796,0
1552137402.828276,0
1552137402.842726,0
1552137402.856093,0
1552137402.868602,0
1552137402.883045,0
1552137402.896296,0
1552137402.910383,0
1552137402.924280,1
1552137402.938271,0
1552137402.951634,0
1552137402.969333,0
1552137402.985630,0
1552137402.999519,0
1552137403.012359,0
1552137403.025884,0
1552137403.040907,0
1552137403.054644,0
1552137403.068315,0
1552137403.081439,0
1552137403.095664,0
1552137403.109223,0
1552137403.123655,0
1552137403.138540,0
1552137403.153654,0
1552137403.167591,0
1552137403.180493,0
1552137403.198253,0
1552137403.219613,0
1552137403.233694,0
1552137403.247061,0
1552137403.261077,0
1552137403.277257,0
1552137403.290621,0
1552137403.303322,0
1552137403.317020,0
1552137403.330060,0
1552137403.343770,0
1552137403.439105,0
1552137403.457044,0
1552137403.471851,0
1552137403.491624,0
1552137403.508935,0
1552137403.522369,0
1552137403.536379,0
1552137403.555402,0
1552137403.597559,0
1552137403.612026,0
1552137403.626563,0
1552137403.641407,0
1552137403.655252,0
1552137403.676358,0
1552137403.699703,0
1552137403.719335,0
1552137403.748910,0
1552137403.776711,0
1552137403.797437,0
1552137403.817434,0
1552137403.838447,0
1552137403.851090,0
1552137403.871203,0
1552137403.888789,0
1552137403.902990,0
1552137403.916691,0
1552137403.930563,2
1552137403.943786,0
1552137403.957596,0
1552137403.971456,1
1552137403.988324,0
1552137404.004060,0
1552137404.034292,1
1552137404.052199,0
1552137404.065053,0
1552137404.091641,0
1552137404.110426,0
1552137404.124934,0
1552137404.141800,0
1552137404.158580,0
1552137404.174662,0
1552137404.189235,0
1552137404.203488,0
1552137404.218476,0
1552137404.233669,0
1552137404.249263,1
1552137404.264278,0
1552137404.292639,1
1552137404.332121,7
1552137404.349360,14
1552137404.381656,13
1552137404.394628,20
1552137404.407701,20
1552137404.420880,19
1552137404.435862,20
1552137404.448894,20
1552137404.462278,19
1552137404.474912,20
1552137404.488128,20
1552137404.501940,19
1552137404.516713,20
1552137404.529788,19
1552137404.543277,19
1552137404.560506,19
1552137404.573277,19
1552137404.586735,19
1552137404.600135,18
1552137404.613536,18
1552137404.626188,16
1552137404.641349,16
1552137404.656165,15
1552137404.669896,15
1552137404.683379,14
1552137404.697313,13
1552137404.709988,16
1552137404.724523,18
1552137404.738331,20
1552137404.751427,20
1552137404.767086,20
1552137404.780475,19
1552137404.794540,17
1552137404.808078,18
1552137404.822148,18
1552137404.834668,18
1552137404.847089,18
1552137404.860225,17
1552137404.873768,18
1552137404.897358,18
1552137404.910791,18
1552137404.923439,20
1552137404.936000,19
1552137404.949843,19
1552137404.963381,20
1552137404.977034,20
1552137404.990691,19
1552137405.003730,20
1552137405.017784,20
1552137405.030995,20
1552137405.044054,20
1552137405.059331,20
1552137405.072030,19
1552137405.086337,20
1552137405.101142,20
1552137405.114312,20
1552137405.127871,20
1552137405.141278,20
1552137405.154497,20
1552137405.167419,19
1552137405.182728,20
1552137405.195630,20
1552137405.210124,19
1552137405.222977,19
1552137405.235968,20
1552137405.250003,20
1552137405.262800,20
1552137405.275548,19
1552137405.289525,19
1552137405.304672,17
1552137405.318385,17
1552137405.331746,16
1552137405.349885,15
1552137405.364014,14
1552137405.381870,13
1552137405.397065,12
1552137405.411700,11
1552137405.426638,10
1552137405.441114,8
1552137405.454159,10
1552137405.468720,11
1552137405.495982,10
1552137405.510319,11
1552137405.525644,11
1552137405.539660,10
1552137405.553045,11
1552137405.570507,12
1552137405.584716,12
1552137405.599264,12
1552137405.613894,12
1552137405.626941,11
1552137405.640570,12
1552137405.656782,12
1552137405.670789,12
1552137405.684603,12
1552137405.699026,12
1552137405.713651,14
1552137405.730192,14
1552137405.743709,14
1552137405.758030,14
1552137405.771925,13
1552137405.786766,14
1552137405.800673,15
1552137405.816333,14
1552137405.830257,13
1552137405.845584,14
1552137405.861051,14
1552137405.874897,14
1552137405.887825,13
1552137405.903484,13
1552137405.919833,13
1552137405.935532,14
1552137405.950335,15
1552137405.964384,15
1552137405.977221,14
1552137405.990548,15
1552137406.003510,14
1552137406.018072,15
1552137406.033360,14
1552137406.047773,15
1552137406.061162,15
1552137406.075184,16
1552137406.109003,16
1552137406.123883,16
1552137406.137973,15
1552137406.152186,16
1552137406.165504,16
1552137406.179270,16
1552137406.194295,16
1552137406.207165,16
1552137406.220736,17
1552137406.234720,16
1552137406.248614,17
1552137406.263186,17
1552137406.276453,16
1552137406.289596,17
1552137406.303545,17
1552137406.317411,17
1552137406.331200,16
1552137406.344930,17
1552137406.358943,17
1552137406.373804,18
1552137406.386457,18
1552137406.400393,18
1552137406.416517,18
1552137406.429042,18
1552137406.441909,18
1552137406.456381,18
1552137406.469950,18
1552137406.482870,18
1552137406.496663,18
1552137406.510725,17
1552137406.524111,18
1552137406.538496,19
1552137406.552451,19
1552137406.565108,19
1552137406.579406,19
1552137406.594019,19
1552137406.609076,19
1552137406.624929,19
1552137406.637997,18
1552137406.652666,19
1552137406.666538,19
1552137406.679969,19
1552137406.699794,20
1552137406.713072,19
1552137406.728862,20
1552137406.742998,19
1552137406.757461,20
1552137406.794100,19
1552137406.810305,19
1552137406.827137,19
1552137406.847479,20
1552137406.862855,20
1552137406.876460,20
1552137406.890271,20
1552137406.904144,19
1552137406.917167,20
1552137406.939781,19
1552137406.971996,19
1552137406.988302,20
1552137407.001971,19
1552137407.015433,20
1552137407.030989,20
1552137407.047302,20
1552137407.061899,19
1552137407.078016,19
1552137407.091484,18
1552137407.110158,17
1552137407.134011,15
1552137407.150880,14
1552137407.163533,13
1552137407.179372,12
1552137407.194876,10
1552137407.210838,9
1552137407.227651,10
1552137407.244389,9
1552137407.260045,9
1552137407.277444,9
1552137407.302371,10
1552137407.315961,11
1552137407.332063,11
1552137407.345726,11
1552137407.358431,11
1552137407.371802,11
1552137407.385609,11
1552137407.399973,10
1552137407.413596,12
1552137407.426679,12
1552137407.439912,11
1552137407.455567,11
1552137407.468072,12
1552137407.481246,11
1552137407.495068,12
1552137407.509803,12
1552137407.522616,13
1552137407.538269,13
1552137407.554014,13
1552137407.568802,12
1552137407.583245,13
1552137407.598527,13
1552137407.616889,12
1552137407.634732,12
1552137407.652164,14
1552137407.668361,14
1552137407.684823,13
1552137407.699279,13
1552137407.714618,14
1552137407.728953,15
1552137407.742335,15
1552137407.757993,15
1552137407.771961,15
1552137407.785927,16
1552137407.799368,16
1552137407.813797,16
1552137407.827589,15
1552137407.841338,15
1552137407.855069,15
1552137407.870725,15
1552137407.884390,15
1552137407.905852,16
1552137407.921878,16
1552137407.934781,17
1552137407.948657,17
1552137407.962084,17
1552137407.976165,17
1552137407.990984,17
1552137408.003396,17
1552137408.016572,17
1552137408.030959,17
1552137408.044170,17
1552137408.060286,18
1552137408.073128,16
1552137408.085601,17
1552137408.099434,17
1552137408.112878,16
1552137408.127232,16
1552137408.140407,17
1552137408.156705,17
1552137408.171027,17
1552137408.184151,17
1552137408.198058,17
1552137408.210989,18
1552137408.225899,17
1552137408.239203,18
1552137408.252144,18
1552137408.266452,17
1552137408.280139,18
1552137408.293954,18
1552137408.307427,18
1552137408.321387,18
1552137408.334113,18
1552137408.347877,17
1552137408.361395,17
1552137408.374518,19
1552137408.387723,18
1552137408.402018,18
1552137408.415311,19
1552137408.428501,18
1552137408.443670,18
1552137408.457540,19
1552137408.471005,19
1552137408.486260,19
1552137408.505672,19
1552137408.521063,19
1552137408.535928,20
1552137408.550067,19
1552137408.563276,19
1552137408.576102,20
1552137408.590900,20
1552137408.604830,19
1552137408.619713,20
1552137408.637020,19
1552137408.652180,20
1552137408.667413,20
1552137408.681188,20
1552137408.694195,19
1552137408.708336,20
1552137408.723328,20
1552137408.737470,20
1552137408.750549,19
1552137408.764341,20
1552137408.778475,20
1552137408.792131,20
1552137408.806653,19
1552137408.822226,20
1552137408.836971,20
1552137408.850194,19
1552137408.864241,20
1552137408.877794,20
1552137408.890341,19
1552137408.904294,18
1552137408.918945,18
1552137408.935096,18
1552137408.949664,17
1552137408.962360,16
1552137408.977003,14
1552137408.990389,14
1552137409.003101,13
1552137409.017050,12
1552137409.029756,12
1552137409.042950,11
1552137409.057444,9
1552137409.070057,9
1552137409.085269,11
1552137409.110007,11
1552137409.126161,11
1552137409.148514,11
1552137409.167294,11
1552137409.182840,11
1552137409.197800,12
1552137409.212183,12
1552137409.226004,11
1552137409.239138,12
1552137409.252424,11
1552137409.268783,12
1552137409.293753,12
1552137409.312273,14
1552137409.328603,14
1552137409.342829,14
1552137409.358508,14
1552137409.371687,13
1552137409.385943,14
1552137409.400591,14
1552137409.415152,13
1552137409.429587,13
1552137409.443876,14
1552137409.458437,14
1552137409.481763,14
1552137409.495165,13
1552137409.509107,14
1552137409.522586,14
1552137409.536193,13
1552137409.548806,14
1552137409.562195,15
1552137409.576047,14
1552137409.590163,15
1552137409.603695,15
1552137409.617925,15
1552137409.633089,15
1552137409.647401,14
1552137409.661692,15
1552137409.674779,14
1552137409.687884,15
1552137409.706403,15
1552137409.719363,16
1552137409.734244,16
1552137409.747772,16
1552137409.762332,16
1552137409.776607,15
1552137409.789976,16
1552137409.802785,15
1552137409.816569,15
1552137409.830470,16
1552137409.843280,16
1552137409.857159,17
1552137409.880112,17
1552137409.899902,16
1552137409.930432,17
1552137409.943256,17
1552137409.957939,17
1552137409.976346,17
1552137409.988860,16
1552137410.001600,18
1552137410.014772,18
1552137410.030227,18
1552137410.043978,17
1552137410.058014,18
1552137410.074669,18
1552137410.089556,18
1552137410.102376,18
1552137410.114800,18
1552137410.128300,18
1552137410.144397,18
1552137410.159292,18
1552137410.173394,18
1552137410.187237,19
1552137410.201085,19
1552137410.217947,19
1552137410.241392,19
1552137410.261513,19
1552137410.274500,19
1552137410.288552,19
1552137410.301967,18
1552137410.314678,19
1552137410.329221,20
1552137410.343835,19
1552137410.359241,19
1552137410.373774,20
1552137410.387443,20
1552137410.400750,20
1552137410.414094,20
1552137410.429151,20
1552137410.443978,20
1552137410.456751,19
1552137410.470243,20
1552137410.484712,20
1552137410.498294,20
1552137410.511191,19
1552137410.524447,20
1552137410.538899,20
1552137410.552251,19
1552137410.564721,20
1552137410.578370,20
1552137410.592456,20
1552137410.607085,20
1552137410.620013,19
1552137410.635096,20
1552137410.655550,20
1552137410.678839,19
1552137410.692867,20
1552137410.706235,18
1552137410.719804,18
1552137410.733165,17
1552137410.746615,15
1552137410.759542,15
1552137410.774465,14
1552137410.786997,14
1552137410.800794,13
1552137410.813303,11
1552137410.825952,10
1552137410.839594,10
1552137410.852360,8
1552137410.866423,10
1552137410.880568,11
1552137410.893661,11
1552137410.906576,11
1552137410.919564,11
1552137410.932201,10
1552137410.944816,11
1552137410.957236,10
1552137410.970011,11
1552137410.982737,12
1552137410.995485,12
1552137411.011875,12
1552137411.024832,11
1552137411.039442,13
1552137411.054243,13
1552137411.068000,13
1552137411.081405,13
1552137411.094942,14
1552137411.107765,14
1552137411.121000,14
1552137411.134251,12
1552137411.147109,13
1552137411.159506,12
1552137411.172890,13
1552137411.186326,13
1552137411.198859,13
1552137411.212645,14
1552137411.226791,14
1552137411.249583,14
1552137411.266033,14
1552137411.280046,13
1552137411.293505,14
1552137411.307531,14
1552137411.320714,13
1552137411.333500,14
1552137411.346626,15
1552137411.360471,14
1552137411.375959,14
1552137411.388723,15
1552137411.403911,15
1552137411.418205,15
1552137411.432073,15
1552137411.445704,15
1552137411.458577,14
1552137411.471866,15
1552137411.485351,16
1552137411.499211,15
1552137411.512917,15
1552137411.528269,16
1552137411.542558,16
1552137411.555567,16
1552137411.568550,16
1552137411.585406,16
1552137411.598671,16
1552137411.613488,16
1552137411.627064,16
1552137411.644235,16
1552137411.656760,17
1552137411.669822,17
1552137411.682658,16
1552137411.695951,17
1552137411.708442,17
1552137411.721910,17
1552137411.735105,16
1552137411.749646,17
1552137411.764081,16
1552137411.777443,18
1552137411.790697,18
1552137411.803689,17
1552137411.817127,18
1552137411.830231,18
1552137411.849869,18
1552137411.863528,18
1552137411.878395,18
1552137411.892361,18
1552137411.906548,18
1552137411.919167,17
1552137411.931687,18
1552137411.945503,20
1552137411.959770,20
1552137411.974122,19
1552137411.986569,20
1552137412.001242,20
1552137412.013692,20
1552137412.027108,20
1552137412.040692,19
1552137412.054074,19
1552137412.066763,20
1552137412.080323,20
1552137412.092897,20
1552137412.105566,18
1552137412.120539,19
1552137412.133420,20
1552137412.147073,20
1552137412.162928,20
1552137412.177795,20
1552137412.191713,19
1552137412.206955,20
1552137412.224005,20
1552137412.239171,20
1552137412.253453,20
1552137412.266851,19
1552137412.280282,19
1552137412.293006,20
1552137412.307305,19
1552137412.320217,20
1552137412.332808,20
1552137412.347203,20
1552137412.360222,20
1552137412.373296,20
1552137412.388221,20
1552137412.400802,20
1552137412.414268,20
1552137412.428906,20
1552137412.454709,20
1552137412.474415,19
1552137412.488530,19
1552137412.503256,18
1552137412.518541,17
1552137412.532417,15
1552137412.547385,14
1552137412.564454,13
1552137412.577574,13
1552137412.592500,12
1552137412.608043,11
1552137412.621304,10
1552137412.634568,9
1552137412.648379,10
1552137412.661612,10
1552137412.674205,11
1552137412.687056,11
1552137412.699870,11
1552137412.712631,11
1552137412.725906,10
1552137412.739816,11
1552137412.755766,11
1552137412.768969,12
1552137412.781948,11
1552137412.795351,12
1552137412.809000,12
1552137412.822419,12
1552137412.835648,12
1552137412.850726,12
1552137412.864456,11
1552137412.879427,12
1552137412.893338,13
1552137412.906197,13
1552137412.919614,12
1552137412.932640,13
1552137412.945584,13
1552137412.960002,12
1552137412.973599,13
1552137412.986194,12
1552137413.003889,14
1552137413.017687,14
1552137413.031325,13
1552137413.050841,13
1552137413.064811,14
1552137413.078873,14
1552137413.093024,14
1552137413.107253,14
1552137413.120928,13
1552137413.135620,15
1552137413.148765,15
1552137413.162811,14
1552137413.176883,15
1552137413.190954,15
1552137413.204650,15
1552137413.218562,14
1552137413.231998,15
1552137413.246415,15
1552137413.260275,16
1552137413.273474,16
1552137413.287119,16
1552137413.302536,16
1552137413.315147,16
1552137413.328446,16
1552137413.342820,16
1552137413.365921,16
1552137413.380157,15
1552137413.394180,16
1552137413.408328,17
1552137413.424450,17
1552137413.440211,17
1552137413.456090,17
1552137413.469546,16
1552137413.484286,16
1552137413.497254,17
1552137413.510163,16
1552137413.525447,16
1552137413.538099,17
1552137413.551489,17
1552137413.565235,17
1552137413.578118,18
1552137413.591644,18
1552137413.605633,17
1552137413.618623,18
1552137413.631068,18
1552137413.652498,18
1552137413.675343,18
1552137413.695594,17
1552137413.718248,18
1552137413.742616,19
1552137413.764858,19
1552137413.788732,19
1552137413.808671,18
1552137413.831092,18
1552137413.853332,19
1552137413.898233,20
1552137413.919160,20
1552137413.949544,20
1552137413.965263,20
1552137413.979322,20
1552137413.993393,19
1552137414.007151,20
1552137414.022542,20
1552137414.036122,20
1552137414.049963,19
1552137414.081264,20
1552137414.113878,17
1552137414.127453,16
1552137414.140745,15
1552137414.153916,15
1552137414.167639,14
1552137414.181488,13
1552137414.194040,12
1552137414.207627,9
1552137414.221734,10
1552137414.237008,9
1552137414.250656,10
1552137414.264122,10
1552137414.276913,10
1552137414.290121,10
1552137414.304557,12
1552137414.318175,11
1552137414.331812,14
1552137414.345967,14
1552137414.359655,14
1552137414.372195,14
1552137414.384886,13
1552137414.413616,13
1552137414.448386,14
1552137414.465753,15
1552137414.489540,15
1552137414.504149,14
1552137414.526087,15
1552137414.538814,15
1552137414.553391,15
1552137414.567660,14
1552137414.582814,15
1552137414.595829,16
1552137414.609678,16
1552137414.622311,16
1552137414.644222,18
1552137414.665921,18
1552137414.680243,17
1552137414.692904,18
1552137414.706066,17
1552137414.718834,18
1552137414.732674,18
1552137414.746818,18
1552137414.759805,19
1552137414.774960,19
1552137414.791398,19
1552137414.804459,20
1552137414.818526,19
1552137414.833253,20
1552137414.847262,20
1552137414.860625,20
1552137414.877629,20
1552137414.890440,20
1552137414.903651,20
1552137414.917038,20
1552137414.929690,20
1552137414.943414,20
1552137414.961030,20
1552137414.977433,20
1552137414.990704,20
1552137415.005502,20
1552137415.019236,19
1552137415.032898,20
1552137415.046174,20
1552137415.059884,19
1552137415.085901,19
1552137415.098829,19
1552137415.111638,19
1552137415.127371,19
1552137415.142113,18
1552137415.164133,20
1552137415.183356,18
1552137415.198232,16
1552137415.211890,16
1552137415.227751,15
1552137415.240549,14
1552137415.254370,13
1552137415.268512,12
1552137415.282515,13
1552137415.296299,11
1552137415.309423,11
1552137415.323769,9
1552137415.337546,11
1552137415.350913,11
1552137415.364245,11
1552137415.377931,10
1552137415.391655,9
1552137415.405740,12
1552137415.421462,12
1552137415.434284,11
1552137415.447765,12
1552137415.461638,13
1552137415.475544,13
1552137415.489577,13
1552137415.502976,13
1552137415.517377,13
1552137415.530789,13
1552137415.545013,13
1552137415.558121,14
1552137415.574526,15
1552137415.589118,16
1552137415.602922,16
1552137415.623932,16
1552137415.636674,16
1552137415.649962,15
1552137415.664463,15
1552137415.688790,15
1552137415.702006,15
1552137415.714784,16
1552137415.727529,17
1552137415.740842,16
1552137415.753530,17
1552137415.766725,17
1552137415.789431,16
1552137415.811344,17
1552137415.823964,16
1552137415.836631,17
1552137415.853590,17
1552137415.881509,17
1552137415.899265,19
1552137415.913455,19
1552137415.927779,18
1552137415.942412,19
1552137415.956895,19
1552137415.970249,19
1552137415.984752,18
1552137415.998675,18
1552137416.012894,19
1552137416.026375,19
1552137416.039328,17
1552137416.054848,18
1552137416.073052,19
1552137416.085670,20
1552137416.098285,19
1552137416.112388,19
1552137416.125729,20
1552137416.138428,19
1552137416.153330,19
1552137416.166050,19
1552137416.179660,19
1552137416.195390,19
1552137416.209151,19
1552137416.221515,20
1552137416.234658,19
1552137416.248508,20
1552137416.262229,20
1552137416.285591,20
1552137416.298848,19
1552137416.312773,19
1552137416.327251,20
1552137416.340478,20
1552137416.360101,20
1552137416.375676,19
1552137416.388897,19
1552137416.403236,18
1552137416.417605,19
1552137416.432507,18
1552137416.445200,18
1552137416.458651,16
1552137416.472465,16
1552137416.487089,15
1552137416.500803,14
1552137416.513492,14
1552137416.526189,12
1552137416.539592,12
1552137416.554538,12
1552137416.577993,10
1552137416.595527,9
1552137416.609160,11
1552137416.622629,11
1552137416.635847,11
1552137416.648570,12
1552137416.662158,11
1552137416.677508,11
1552137416.690092,12
1552137416.702679,12
1552137416.717856,12
1552137416.732359,13
1552137416.746067,14
1552137416.759525,13
1552137416.779822,14
1552137416.794169,14
1552137416.806829,14
1552137416.821341,14
1552137416.833989,15
1552137416.847882,14
1552137416.860535,15
1552137416.873095,14
1552137416.889261,15
1552137416.905966,15
1552137416.919616,15
1552137416.934501,16
1552137416.948029,16
1552137416.961888,16
1552137416.977284,14
1552137416.994663,16
1552137417.008485,14
1552137417.022122,15
1552137417.036412,15
1552137417.049607,15
1552137417.063243,14
1552137417.076126,14
1552137417.090069,13
1552137417.105827,13
1552137417.121804,11
1552137417.165914,11
1552137417.192684,13
1552137417.209087,13
1552137417.222235,12
1552137417.235962,12
1552137417.248640,11
1552137417.263095,10
1552137417.276503,12
1552137417.289206,12
1552137417.303882,12
1552137417.316946,13
1552137417.331802,13
1552137417.346748,12
1552137417.361087,10
1552137417.374909,11
1552137417.387914,11
1552137417.402891,11
1552137417.416499,12
1552137417.429604,12
1552137417.442900,10
1552137417.457348,10
1552137417.470450,11
1552137417.487239,11
1552137417.505892,11
1552137417.519642,12
1552137417.533876,12
1552137417.546590,13
1552137417.560830,13
1552137417.574477,13
1552137417.587541,11
1552137417.601511,12
1552137417.615264,12
1552137417.629146,12
1552137417.643724,12
1552137417.657054,13
1552137417.670527,13
1552137417.683942,11
1552137417.697325,12
1552137417.711233,12
1552137417.724637,12
1552137417.737445,14
1552137417.750553,14
1552137417.766187,12
1552137417.778933,13
1552137417.792441,13
1552137417.808812,13
1552137417.822806,13
1552137417.837480,13
1552137417.850900,14
1552137417.865358,14
1552137417.877986,13
1552137417.893677,13
1552137417.906498,13
1552137417.920125,13
1552137417.933549,14
1552137417.948500,14
1552137417.962178,14
1552137417.976178,12
1552137417.990483,12
1552137418.005550,14
1552137418.018188,14
1552137418.032324,14
1552137418.047632,14
1552137418.060245,15
1552137418.074428,15
1552137418.092001,15
1552137418.107290,15
1552137418.122008,13
1552137418.135460,14
1552137418.148019,14
1552137418.161680,14
1552137418.175863,14
1552137418.191044,15
1552137418.203632,13
1552137418.219373,15
1552137418.231901,14
1552137418.245346,14
1552137418.259011,14
1552137418.271678,16
1552137418.286025,16
1552137418.300003,16
1552137418.315890,14
1552137418.330054,14
1552137418.342591,15
1552137418.356786,15
1552137418.370470,15
1552137418.384208,16
1552137418.398258,16
1552137418.410948,15
1552137418.425353,15
1552137418.438030,15
1552137418.451145,16
1552137418.463708,16
1552137418.476794,16
1552137418.490959,14
1552137418.505039,15
1552137418.517675,15
1552137418.531424,15
1552137418.545233,16
1552137418.558961,17
1552137418.571880,15
1552137418.587201,16
1552137418.600482,16
1552137418.613088,17
1552137418.626987,17
1552137418.640533,17
1552137418.654095,15
1552137418.667702,16
1552137418.693407,16
1552137418.708287,17
1552137418.721879,17
1552137418.735509,17
1552137418.748030,16
1552137418.760911,16
1552137418.775306,16
1552137418.788828,17
1552137418.802898,17
1552137418.816880,17
1552137418.833059,15
1552137418.848014,15
1552137418.861001,16
1552137418.873580,17
1552137418.886382,18
1552137418.902233,18
1552137418.914827,18
1552137418.928380,16
1552137418.944186,16
1552137418.958549,17
1552137418.972589,17
1552137418.985797,17
1552137418.998768,18
1552137419.012500,18
1552137419.027363,18
1552137419.040240,18
1552137419.055835,17
1552137419.069540,18
1552137419.084796,18
1552137419.098241,18
1552137419.111838,19
1552137419.126769,19
1552137419.140381,19
1552137419.156596,19
1552137419.169896,17
1552137419.183149,17
1552137419.196871,18
1552137419.212764,18
1552137419.228028,18
1552137419.242916,19
1552137419.255560,19
1552137419.269318,17
1552137419.293828,18
1552137419.307213,18
1552137419.319920,19
1552137419.335522,19
1552137419.349302,17
1552137419.364330,17
1552137419.378581,18
1552137419.391997,18
1552137419.406325,18
1552137419.418948,19
1552137419.432948,19
1552137419.447804,19
1552137419.461912,17
1552137419.475493,18
1552137419.488719,18
1552137419.505072,18
1552137419.520336,18
1552137419.534070,19
1552137419.549646,19
1552137419.564980,20
1552137419.580572,20
1552137419.595730,20
1552137419.610548,20
1552137419.623470,18
1552137419.637002,19
1552137419.650727,19
1552137419.665454,19
1552137419.679132,19
1552137419.692646,20
1552137419.706668,18
1552137419.720483,18
1552137419.735324,18
1552137419.750018,19
1552137419.764063,19
1552137419.777098,19
1552137419.791974,19
1552137419.806626,20
1552137419.820148,20
1552137419.833405,18
1552137419.848019,19
1552137419.861288,19
1552137419.874725,19
1552137419.896795,18
1552137419.910276,19
1552137419.923639,19
1552137419.937831,19
1552137419.950688,20
1552137419.963651,18
1552137419.978392,18
1552137419.994260,18
1552137420.011336,18
1552137420.025091,19
1552137420.037515,19
1552137420.052618,19
1552137420.066950,19
1552137420.079721,20
1552137420.094773,18
1552137420.108967,17
1552137420.124633,16
1552137420.137217,16
1552137420.151122,15
1552137420.166323,14
1552137420.179838,12
1552137420.194451,12
1552137420.208956,11
1552137420.223879,10
1552137420.238750,8
1552137420.251439,9
1552137420.265001,11
1552137420.279717,11
1552137420.293300,10
1552137420.307437,11
1552137420.320999,11
1552137420.334000,10
1552137420.348935,10
1552137420.364222,12
1552137420.377645,12
1552137420.393443,12
1552137420.406783,10
1552137420.419938,11
1552137420.433174,11
1552137420.448290,11
1552137420.461504,11
1552137420.476706,12
1552137420.496712,11
1552137420.510308,11
1552137420.523476,12
1552137420.536252,10
1552137420.550536,10
1552137420.567420,11
1552137420.581364,11
1552137420.594666,12
1552137420.608376,12
1552137420.621763,13
1552137420.634391,13
1552137420.649203,13
1552137420.663459,12
1552137420.676040,12
1552137420.689382,12
1552137420.702546,13
1552137420.715352,13
1552137420.730805,11
1552137420.744188,11
1552137420.757294,12
1552137420.770584,12
1552137420.786175,12
1552137420.800602,13
1552137420.813562,13
1552137420.827469,11
1552137420.842483,12
1552137420.855833,13
1552137420.868408,13
1552137420.883726,13
1552137420.896999,14
1552137420.910938,14
1552137420.925636,14
1552137420.939902,12
1552137420.952540,13
1552137420.966354,13
1552137420.978985,14
1552137420.992433,14
1552137421.006843,14
1552137421.020033,12
1552137421.034444,13
1552137421.048909,13
1552137421.062476,13
1552137421.076025,13
1552137421.098353,14
1552137421.110992,14
1552137421.124192,15
1552137421.138131,15
1552137421.153131,15
1552137421.167532,15
1552137421.184411,15
1552137421.199514,15
1552137421.213169,13
1552137421.226386,14
1552137421.239976,14
1552137421.254259,14
1552137421.268757,15
1552137421.283053,15
1552137421.297154,15
1552137421.309566,13
1552137421.323946,14
1552137421.340970,14
1552137421.355612,14
1552137421.369368,15
1552137421.383491,15
1552137421.397319,16
1552137421.410682,16
1552137421.424880,16
1552137421.438292,15
1552137421.452292,15
1552137421.466972,15
1552137421.480686,15
1552137421.493328,16
1552137421.507938,16
1552137421.521699,16
1552137421.534545,15
1552137421.547881,15
1552137421.561208,15
1552137421.574544,16
1552137421.588313,16
1552137421.603226,16
1552137421.617614,14
1552137421.631572,15
1552137421.644745,15
1552137421.659119,16
1552137421.673316,17
1552137421.696578,16
1552137421.710502,16
1552137421.725050,16
1552137421.737627,16
1552137421.750284,17
1552137421.765695,17
1552137421.779033,15
1552137421.792524,16
1552137421.805775,16
1552137421.818526,16
1552137421.831534,17
1552137421.845567,17
1552137421.859778,15
1552137421.873382,16
1552137421.886773,16
1552137421.900175,16
1552137421.912737,17
1552137421.928812,17
1552137421.941978,17
1552137421.955179,16
1552137421.968547,17
1552137421.983003,17
1552137421.996953,17
1552137422.009914,18
1552137422.023442,18
1552137422.037201,16
1552137422.050111,17
1552137422.063471,17
1552137422.076703,17
1552137422.089562,18
1552137422.105154,18
1552137422.117944,17
1552137422.131461,18
1552137422.144283,18
1552137422.158019,18
1552137422.170997,19
1552137422.185684,17
1552137422.199248,17
1552137422.212069,18
1552137422.226719,18
1552137422.241773,18
1552137422.255273,18
1552137422.269401,18
1552137422.283130,18
1552137422.299786,19
1552137422.312706,18
1552137422.326737,18
1552137422.341482,18
1552137422.355776,18
1552137422.372743,18
1552137422.387944,18
1552137422.403248,18
1552137422.417745,18
1552137422.432012,19
1552137422.446229,19
1552137422.460214,17
1552137422.473508,18
1552137422.486241,18
1552137422.499654,18
1552137422.513205,19
1552137422.527309,19
1552137422.541568,19
1552137422.555133,18
1552137422.568056,18
1552137422.582416,18
1552137422.596258,18
1552137422.609584,19
1552137422.624624,20
1552137422.638981,20
1552137422.652082,18
1552137422.665518,19
1552137422.678580,19
1552137422.692660,19
1552137422.706211,20
1552137422.720015,20
1552137422.734487,20
1552137422.748010,19
1552137422.761730,19
1552137422.774340,20
1552137422.788135,20
1552137422.802903,20
1552137422.816257,20
1552137422.830246,18
1552137422.844451,19
1552137422.859075,19
1552137422.871699,19
1552137422.894942,18
1552137422.912292,20
1552137422.926403,18
1552137422.939191,19
1552137422.953616,19
1552137422.966391,20
1552137422.979428,20
1552137422.992971,18
1552137423.006767,19
1552137423.021654,19
1552137423.035265,19
1552137423.047956,20
1552137423.060499,20
1552137423.074419,18
1552137423.088758,18
1552137423.101366,19
1552137423.114014,19
1552137423.127556,20
1552137423.141552,20
1552137423.154961,20
1552137423.170218,18
1552137423.183348,19
1552137423.195928,18
1552137423.209896,16
1552137423.222597,16
1552137423.236378,15
1552137423.252256,14
1552137423.266729,13
1552137423.280300,13
1552137423.295141,12
1552137423.308876,11
1552137423.325181,9
1552137423.338819,8
1552137423.352781,11
1552137423.365613,11
1552137423.379156,10
1552137423.391989,11
1552137423.406498,11
1552137423.420118,10
1552137423.433555,11
1552137423.446681,11
1552137423.459231,12
1552137423.473047,12
1552137423.487089,12
1552137423.502224,12
1552137423.515958,10
1552137423.529464,11
1552137423.544058,11
1552137423.559234,11
1552137423.575878,11
1552137423.590621,11
1552137423.605314,11
1552137423.618321,12
1552137423.631762,10
1552137423.645575,10
1552137423.668404,12
1552137423.690877,12
1552137423.715443,13
1552137423.740209,12
1552137423.771082,13
1552137423.798839,13
1552137423.819464,12
1552137423.845142,13
1552137423.867548,12
1552137423.892836,13
1552137423.917959,12
1552137423.932151,13
1552137423.948526,13
1552137423.962117,13
1552137423.976460,13
1552137423.990460,14
1552137424.004688,14
1552137424.018347,12
1552137424.031701,13
1552137424.046361,13
1552137424.059174,13
1552137424.075423,13
1552137424.089110,14
1552137424.102439,14
1552137424.115283,12
1552137424.129874,12
1552137424.145293,13
1552137424.159654,13
1552137424.175687,13
1552137424.189149,14
1552137424.202263,14
1552137424.215974,15
1552137424.230764,15
1552137424.244183,13
1552137424.258526,13
1552137424.274057,14
1552137424.287140,14
1552137424.300387,14
1552137424.314029,15
1552137424.327602,15
1552137424.342166,13
1552137424.356230,13
1552137424.370156,14
1552137424.382788,14
1552137424.396924,14
1552137424.409756,15
1552137424.424548,15
1552137424.438570,13
1552137424.452280,13
1552137424.466609,15
1552137424.479565,15
1552137424.492933,15
1552137424.506556,16
1552137424.519633,16
1552137424.533241,15
1552137424.547743,15
1552137424.562477,15
1552137424.576695,15
1552137424.589674,16
1552137424.602906,16
1552137424.616526,16
1552137424.630952,14
1552137424.643669,15
1552137424.656672,15
1552137424.671589,15
1552137424.686229,16
1552137424.706231,15
1552137424.719801,15
1552137424.734250,16
1552137424.747695,17
1552137424.761471,17
1552137424.775426,15
1552137424.789097,16
1552137424.802450,16
1552137424.815295,17
1552137424.828577,17
1552137424.843519,17
1552137424.857054,15
1552137424.876376,17
1552137424.891039,17
1552137424.905225,15
1552137424.917852,16
1552137424.931071,16
1552137424.943818,17
1552137424.957365,17
1552137424.970486,15
1552137424.984138,16
1552137424.998005,16
1552137425.011606,17
1552137425.026999,16
1552137425.041492,16
1552137425.055499,18
1552137425.068370,16
1552137425.082062,16
1552137425.095771,17
1552137425.108761,17
1552137425.124209,17
1552137425.138333,18
1552137425.151967,18
1552137425.165875,18
1552137425.180054,16
1552137425.195128,16
1552137425.208757,17
1552137425.222775,17
1552137425.235713,17
1552137425.250026,18
1552137425.263678,18
1552137425.276577,17
1552137425.290895,17
1552137425.303386,17
1552137425.317545,17
1552137425.330506,18
1552137425.344031,18
1552137425.359993,18
1552137425.374886,19
1552137425.388154,18
1552137425.400879,18
1552137425.417006,18
1552137425.430833,18
1552137425.445023,19
1552137425.457884,19
1552137425.472201,19
1552137425.485979,17
1552137425.499247,18
1552137425.512858,18
1552137425.526818,18
1552137425.543771,18
1552137425.556490,19
1552137425.570316,19
1552137425.583934,17
1552137425.597623,18
1552137425.611109,18
1552137425.624770,18
1552137425.637832,19
1552137425.651381,19
1552137425.663956,18
1552137425.676958,18
1552137425.689613,18
1552137425.702327,19
1552137425.715953,20
1552137425.729548,18
1552137425.742575,19
1552137425.757192,19
1552137425.770574,19
1552137425.785536,19
1552137425.798392,20
1552137425.812128,20
1552137425.826990,18
1552137425.841509,18
1552137425.855217,19
1552137425.869054,19
1552137425.882772,19
1552137425.897891,19
1552137425.910707,20
1552137425.925281,20
1552137425.938997,18
1552137425.952893,19
1552137425.966497,19
1552137425.979725,19
1552137425.992692,20
1552137426.006367,20
1552137426.019394,18
1552137426.033736,19
1552137426.047664,19
1552137426.060983,19
1552137426.073431,20
1552137426.086624,20
1552137426.099732,18
1552137426.113315,19
1552137426.127599,19
1552137426.142046,19
1552137426.157404,19
1552137426.171376,20
1552137426.184505,20
1552137426.198703,18
1552137426.211728,19
1552137426.225811,19
1552137426.240329,19
1552137426.254552,19
1552137426.267333,20
1552137426.281024,18
1552137426.294727,17
1552137426.309021,17
1552137426.323124,16
1552137426.336482,14
1552137426.349902,13
1552137426.363242,13
1552137426.376401,12
1552137426.390024,12
1552137426.404884,11
1552137426.420530,9
1552137426.434884,10
1552137426.448674,10
1552137426.463104,10
1552137426.477061,11
1552137426.490556,11
1552137426.505270,10
1552137426.518014,11
1552137426.532192,11
1552137426.546087,10
1552137426.559213,11
1552137426.572783,11
1552137426.586716,11
1552137426.600530,12
1552137426.615151,12
1552137426.629560,12
1552137426.644211,12
1552137426.657768,10
1552137426.671359,11
1552137426.683939,11
1552137426.698140,11
1552137426.711770,12
1552137426.724343,10
1552137426.738019,10
1552137426.750807,11
1552137426.764216,11
1552137426.778714,12
1552137426.792065,13
1552137426.805729,13
1552137426.819596,11
1552137426.832421,12
1552137426.846202,12
1552137426.859881,12
1552137426.875555,12
1552137426.888414,13
1552137426.902975,13
1552137426.918183,13
1552137426.932055,11
1552137426.946119,12
1552137426.959679,12
1552137426.973410,12
1552137426.987140,13
1552137427.000645,13
1552137427.014290,12
1552137427.027813,13
1552137427.041992,13
1552137427.056023,13
1552137427.068828,14
1552137427.082351,14
1552137427.095544,14
1552137427.109001,13
1552137427.122504,13
1552137427.136321,13
1552137427.149140,14
1552137427.164122,14
1552137427.176780,12
1552137427.189878,13
1552137427.202706,13
1552137427.216277,13
1552137427.229420,14
1552137427.242769,14
1552137427.255408,13
1552137427.269594,13
1552137427.284740,14
1552137427.299382,14
1552137427.314454,14
1552137427.327517,15
1552137427.341322,15
1552137427.354876,15
1552137427.367975,14
1552137427.382856,14
1552137427.395561,14
1552137427.409283,14
1552137427.423119,15
1552137427.437288,15
1552137427.450953,15
1552137427.464717,14
1552137427.477267,14
1552137427.492199,14
1552137427.506859,14
1552137427.520945,15
1552137427.534893,15
1552137427.548952,16
1552137427.563899,16
1552137427.577815,14
1552137427.590564,15
1552137427.605081,15
1552137427.618361,15
1552137427.632362,16
1552137427.644968,14
1552137427.659749,14
1552137427.673920,15
1552137427.686663,15
1552137427.700766,15
1552137427.713438,16
1552137427.728034,16
1552137427.744233,16
1552137427.757791,16
1552137427.770461,15
1552137427.785324,15
1552137427.799539,15
1552137427.812975,15
1552137427.827189,16
1552137427.840714,17
1552137427.854772,17
1552137427.868669,15
1552137427.883623,16
1552137427.897764,16
1552137427.910365,16
1552137427.925988,16
1552137427.938767,17
1552137427.952564,17
1552137427.966913,17
1552137427.980676,16
1552137427.993268,16
1552137428.007488,16
1552137428.022349,16
1552137428.035434,17
1552137428.049502,17
1552137428.062777,15
1552137428.076176,16
1552137428.090907,16
1552137428.106817,16
1552137428.121297,16
1552137428.136029,16
1552137428.149083,18
1552137428.164056,18
1552137428.177553,16
1552137428.192332,16
1552137428.205992,17
1552137428.219570,17
1552137428.232839,17
1552137428.246226,18
1552137428.261464,18
1552137428.275965,18
1552137428.289728,16
1552137428.305119,17
1552137428.318476,17
1552137428.332187,17
1552137428.346259,17
1552137428.359358,18
1552137428.372729,18
1552137428.387068,18
1552137428.400554,17
1552137428.414939,17
1552137428.428626,17
1552137428.442680,17
1552137428.456614,18
1552137428.471671,19
1552137428.485189,19
1552137428.498487,17
1552137428.511163,18
1552137428.524445,18
1552137428.538162,18
1552137428.551449,19
1552137428.566127,19
1552137428.579658,17
1552137428.592728,18
1552137428.606805,18
1552137428.620115,18
1552137428.632940,19
1552137428.646417,19
1552137428.660038,17
1552137428.672534,18
1552137428.686244,18
1552137428.698842,19
1552137428.712401,19
1552137428.728214,19
1552137428.745429,19
1552137428.758559,17
1552137428.771141,18
1552137428.784328,18
1552137428.797034,19
1552137428.810505,20
1552137428.825568,20
1552137428.839016,20
1552137428.851989,19
1552137428.866607,19
1552137428.880947,19
1552137428.893465,20
1552137428.906860,20
1552137428.921336,20
1552137428.934525,19
1552137428.947413,19
1552137428.960545,19
1552137428.973090,20
1552137428.986920,20
1552137429.000374,20
1552137429.013850,19
1552137429.027575,19
1552137429.041972,19
1552137429.055363,20
1552137429.070020,20
1552137429.084372,20
1552137429.098605,20
1552137429.112574,18
1552137429.127392,18
1552137429.141521,19
1552137429.155761,19
1552137429.169144,19
1552137429.182019,20
1552137429.194897,20
1552137429.209249,18
1552137429.223427,19
1552137429.236106,19
1552137429.249625,19
1552137429.262299,20
1552137429.276677,20
1552137429.292829,20
1552137429.307829,20
1552137429.321421,19
1552137429.336818,19
1552137429.349722,19
1552137429.364074,19
1552137429.377678,17
1552137429.390894,17
1552137429.404958,16
1552137429.419380,15
1552137429.434224,14
1552137429.448699,14
1552137429.462493,13
1552137429.478479,12
1552137429.493375,11
1552137429.506945,10
1552137429.519969,9
1552137429.532446,9
1552137429.547500,10
1552137429.562884,11
1552137429.575928,11
1552137429.589531,10
1552137429.604574,11
1552137429.618096,11
1552137429.632117,11
1552137429.645293,12
1552137429.658208,12
1552137429.671907,12
1552137429.685657,10
1552137429.698649,11
1552137429.712091,11
1552137429.724663,12
1552137429.738061,12
1552137429.751872,12
1552137429.765274,11
1552137429.779045,11
1552137429.793017,11
1552137429.806270,11
1552137429.820261,12
1552137429.834378,12
1552137429.848028,12
1552137429.861389,11
1552137429.874506,12
1552137429.887239,12
1552137429.900612,13
1552137429.914297,13
1552137429.928598,11
1552137429.943803,11
1552137429.958940,12
1552137429.972223,12
1552137429.984986,12
1552137430.000324,13
1552137430.013625,13
1552137430.026865,13
1552137430.040444,12
1552137430.053897,12
1552137430.067677,12
1552137430.082160,12
1552137430.095743,13
1552137430.108967,13
1552137430.123284,12
1552137430.137307,12
1552137430.150133,13
1552137430.165953,13
1552137430.179436,13
1552137430.192218,14
1552137430.207433,14
1552137430.221117,14
1552137430.234351,12
1552137430.248637,13
1552137430.263293,13
1552137430.277604,13
1552137430.292303,13
1552137430.306638,13
1552137430.320720,14
1552137430.334553,14
1552137430.349694,14
1552137430.364149,12
1552137430.378105,14
1552137430.391785,14
1552137430.404407,15
1552137430.417943,15
1552137430.433082,15
1552137430.446193,13
1552137430.458735,14
1552137430.472796,14
1552137430.486192,14
1552137430.499337,15
1552137430.511968,15
1552137430.527766,15
1552137430.541831,13
1552137430.555122,14
1552137430.568207,14
1552137430.584663,14
1552137430.598578,14
1552137430.612041,15
1552137430.624721,13
1552137430.637574,14
1552137430.651095,15
1552137430.664291,15
1552137430.710216,15
1552137430.768715,14
1552137430.808089,15
1552137430.822339,15
1552137430.837798,15
1552137430.852925,15
1552137430.867532,16
1552137430.883086,16
1552137430.899770,16
1552137430.918640,15
1552137430.933310,15
1552137430.946262,16
1552137430.959929,17
1552137430.981238,16
1552137430.998153,17
1552137431.017469,16
1552137431.038912,15
1552137431.060829,17
1552137431.075452,17
1552137431.091291,17
1552137431.107401,17
1552137431.122676,17
1552137431.139487,17
1552137431.154948,17
1552137431.170899,17
1552137431.190988,17
1552137431.210774,16
1552137431.225849,16
1552137431.245877,16
1552137431.262109,16
1552137431.275998,17
1552137431.294280,17
1552137431.311286,17
1552137431.326638,17
1552137431.342174,17
1552137431.363492,16
1552137431.380737,18
1552137431.394911,16
1552137431.408845,17
1552137431.422563,17
1552137431.437940,17
1552137431.452040,17
1552137431.466256,18
1552137431.479292,18
1552137431.493470,18
1552137431.506993,16
1552137431.521775,17
1552137431.535279,17
1552137431.550390,17
1552137431.564412,17
1552137431.577655,18
1552137431.592144,19
1552137431.606241,19
1552137431.620645,17
1552137431.634286,18
1552137431.647876,18
1552137431.661625,18
1552137431.674316,19
1552137431.688107,19
1552137431.701880,19
1552137431.714657,18
1552137431.728987,18
1552137431.749929,18
1552137431.762565,18
1552137431.776015,18
1552137431.791941,18
1552137431.809437,18
1552137431.823170,18
1552137431.837513,18
1552137431.851258,19
1552137431.865667,19
1552137431.878827,17
1552137431.892936,18
1552137431.907859,18
1552137431.922629,18
1552137431.938782,19
1552137431.953353,19
1552137431.967392,19
1552137431.981906,20
1552137431.995590,20
1552137432.010096,20
1552137432.025331,18
1552137432.039746,18
1552137432.053094,19
1552137432.068017,19
1552137432.082358,19
1552137432.095448,20
1552137432.110138,20
1552137432.123866,20
1552137432.139452,20
1552137432.155178,20
1552137432.170482,18
1552137432.185804,18
1552137432.200624,18
1552137432.216379,19
1552137432.232903,18
1552137432.247163,19
1552137432.260571,19
1552137432.274102,20
1552137432.287743,20
1552137432.301102,20
1552137432.313733,19
1552137432.326989,19
1552137432.341228,19
1552137432.354329,20
1552137432.368428,20
1552137432.382125,20
1552137432.395585,19
1552137432.410397,18
1552137432.424335,19
1552137432.437078,19
1552137432.450097,20
1552137432.463967,20
1552137432.478708,20
1552137432.491609,18
1552137432.505995,18
1552137432.520416,17
1552137432.534713,17
1552137432.549166,15
1552137432.561834,15
1552137432.574567,14
1552137432.587548,14
1552137432.601330,13
1552137432.614091,12
1552137432.629957,11
1552137432.642776,10
1552137432.656373,12
1552137432.669263,11
1552137432.682113,11
1552137432.694882,10
1552137432.707323,11
1552137432.720837,10
1552137432.734980,11
1552137432.749042,11
1552137432.762144,12
1552137432.775967,10
1552137432.789461,11
1552137432.803486,11
1552137432.816879,11
1552137432.829705,12
1552137432.842679,10
1552137432.855872,11
1552137432.868608,11
1552137432.883793,11
1552137432.898328,11
1552137432.911206,12
1552137432.923870,10
1552137432.937481,10
1552137432.950826,11
1552137432.964481,11
1552137432.978516,11
1552137432.992279,13
1552137433.005106,11
1552137433.019265,11
1552137433.038921,13
1552137433.053004,13
1552137433.066778,11
1552137433.080521,12
1552137433.094054,12
1552137433.106948,13
1552137433.120850,13
1552137433.135121,13
1552137433.148876,11
1552137433.161721,12
1552137433.175521,12
1552137433.190409,12
1552137433.205384,12
1552137433.218359,13
1552137433.233192,14
1552137433.249134,14
1552137433.263539,14
1552137433.278216,12
1552137433.291927,13
1552137433.305594,13
1552137433.318872,13
1552137433.333116,13
1552137433.347085,14
1552137433.360270,14
1552137433.375939,14
1552137433.390237,12
1552137433.404093,13
1552137433.416713,13
1552137433.429494,14
1552137433.443329,14
1552137433.456142,12
1552137433.469204,13
1552137433.481852,13
1552137433.496013,14
1552137433.509499,15
1552137433.522858,15
1552137433.536123,13
1552137433.548703,14
1552137433.562735,14
1552137433.576948,14
1552137433.590853,15
1552137433.605554,15
1552137433.618723,15
1552137433.632124,14
1552137433.644559,14
1552137433.657105,15
1552137433.677414,14
1552137433.701299,15
1552137433.721026,15
1552137433.742978,14
1552137433.768775,15
1552137433.787155,15
1552137433.799889,16
1552137433.820805,15
1552137433.837587,15
1552137433.851991,15
1552137433.866314,15
1552137433.879152,16
1552137433.892334,14
1552137433.905548,15
1552137433.918299,15
1552137433.932030,15
1552137433.944731,16
1552137433.962335,16
1552137433.976446,16
1552137433.990149,16
1552137434.003774,14
1552137434.018363,15
1552137434.031862,15
1552137434.044280,16
1552137434.057647,17
1552137434.071382,17
1552137434.083812,16
1552137434.098448,16
1552137434.111012,16
1552137434.123609,17
1552137434.137170,17
1552137434.150040,15
1552137434.162709,16
1552137434.176393,16
1552137434.189745,16
1552137434.202610,17
1552137434.217143,17
1552137434.230950,17
1552137434.246083,16
1552137434.258537,16
1552137434.272109,16
1552137434.284534,17
1552137434.297758,17
1552137434.310579,15
1552137434.323405,16
1552137434.337627,16
1552137434.350113,17
1552137434.364028,18
1552137434.378964,18
1552137434.392623,16
1552137434.407041,16
1552137434.421701,17
1552137434.435244,17
1552137434.448332,17
1552137434.462347,18
1552137434.474985,16
1552137434.488390,16
1552137434.503005,17
1552137434.516391,17
1552137434.529887,17
1552137434.544257,17
1552137434.556948,18
1552137434.569932,16
1552137434.583973,17
1552137434.597439,17
1552137434.610632,17
1552137434.624618,18
1552137434.637321,18
1552137434.650389,16
1552137434.663051,17
1552137434.676812,17
1552137434.689456,19
1552137434.703554,19
1552137434.717006,19
1552137434.729472,17
1552137434.745114,18
1552137434.759914,18
1552137434.773754,18
1552137434.786564,18
1552137434.799565,19
1552137434.813231,17
1552137434.828016,17
1552137434.841610,18
1552137434.855668,18
1552137434.869735,18
1552137434.884436,18
1552137434.899785,18
1552137434.912779,19
1552137434.926726,19
1552137434.941641,19
1552137434.955779,17
1552137434.969017,18
1552137434.982869,18
1552137434.997418,18
1552137435.011021,19
1552137435.025836,20
1552137435.038496,18
1552137435.053326,19
1552137435.066533,19
1552137435.079279,19
1552137435.092499,20
1552137435.106047,20
1552137435.119548,20
1552137435.132676,19
1552137435.147373,19
1552137435.161529,19
1552137435.174155,20
1552137435.186708,20
1552137435.199605,18
1552137435.213349,18
1552137435.226926,18
1552137435.240086,17
1552137435.252738,18
1552137435.266834,17
1552137435.279629,15
1552137435.293151,15
1552137435.307649,14
1552137435.322675,13
1552137435.336454,12
1552137435.349772,12
1552137435.363305,11
1552137435.378427,10
1552137435.392390,8
1552137435.406222,9
1552137435.421771,10
1552137435.435229,10
1552137435.449201,10
1552137435.462750,10
1552137435.477096,10
1552137435.491811,10
1552137435.507048,9
1552137435.519900,11
1552137435.533695,11
1552137435.548853,11
1552137435.561665,10
1552137435.575765,10
1552137435.592235,10
1552137435.606677,10
1552137435.620662,10
1552137435.634239,11
1552137435.647942,11
1552137435.661877,11
1552137435.674605,10
1552137435.688777,10
1552137435.702701,10
1552137435.716884,11
1552137435.730348,12
1552137435.744572,12
1552137435.760702,12
1552137435.776198,12
1552137435.791881,12
1552137435.813844,11
1552137435.846708,11
1552137435.876717,12
1552137435.893487,12
1552137435.910828,11
1552137435.928442,11
1552137435.944509,12
1552137435.958748,13
1552137435.974327,12
1552137435.990524,12
1552137436.007634,12
1552137436.031901,11
1552137436.050685,13
1552137436.067597,13
1552137436.082976,13
1552137436.099988,13
1552137436.117311,13
1552137436.132973,13
1552137436.149844,13
1552137436.164380,13
1552137436.180683,14
1552137436.195377,14
1552137436.210915,14
1552137436.230261,14
1552137436.254838,13
1552137436.267842,13
1552137436.281456,13
1552137436.295936,14
1552137436.309752,14
1552137436.323144,14
1552137436.338212,12
1552137436.357420,14
1552137436.374186,14
1552137436.388517,12
1552137436.403021,12
1552137436.417503,13
1552137436.432179,13
1552137436.447294,14
1552137436.465297,14
1552137436.479416,14
1552137436.495664,14
1552137436.512026,14
1552137436.528105,14
1552137436.545315,14
1552137436.561932,14
1552137436.576979,14
1552137436.594292,14
1552137436.610810,14
1552137436.625444,14
1552137436.641433,14
1552137436.661244,13
1552137436.674394,14
1552137436.689475,14
1552137436.707696,14
1552137436.723122,15
1552137436.738562,15
1552137436.757448,14
1552137436.772787,15
1552137436.789699,14
1552137436.804029,15
1552137436.817388,15
1552137436.832966,15
1552137436.848081,15
1552137436.862705,15
1552137436.879005,15
1552137436.901988,15
1552137436.919786,14
1552137436.939600,16
1552137436.954495,16
1552137436.968517,14
1552137436.984255,14
1552137436.998492,15
1552137437.013827,16
1552137437.027444,16
1552137437.040763,16
1552137437.058319,17
1552137437.071869,16
1552137437.087794,17
1552137437.101210,17
1552137437.114194,16
1552137437.131239,17
1552137437.146954,15
1552137437.161329,15
1552137437.175442,16
1552137437.192867,16
1552137437.207256,16
1552137437.220664,16
1552137437.237202,16
1552137437.272117,16
1552137437.291107,15
1552137437.312651,18
1552137437.328927,18
1552137437.351518,17
1552137437.368061,17
1552137437.383958,17
1552137437.400833,17
1552137437.416863,17
1552137437.431477,17
1552137437.449867,17
1552137437.466450,17
1552137437.481509,17
1552137437.498715,17
1552137437.515780,17
1552137437.531276,17
1552137437.547149,17
1552137437.562489,17
1552137437.576353,17
1552137437.591680,17
1552137437.609379,17
1552137437.623423,17
1552137437.638134,18
1552137437.653246,19
1552137437.668251,19
1552137437.683701,19
1552137437.698547,19
1552137437.713147,19
1552137437.726592,18
1552137437.742119,18
1552137437.757473,18
1552137437.770442,18
1552137437.784391,19
1552137437.799296,19
1552137437.815575,19
1552137437.832031,18
1552137437.846846,19
1552137437.864169,19
1552137437.877238,19
1552137437.890484,19
1552137437.905479,17
1552137437.918697,18
1552137437.933096,18
1552137437.948157,18
1552137437.963092,18
1552137437.980358,19
1552137437.997867,19
1552137438.012642,19
1552137438.028644,19
1552137438.043175,19
1552137438.056392,20
1552137438.070739,20
1552137438.084134,20
1552137438.098964,18
1552137438.112672,19
1552137438.126803,19
1552137438.157067,19
1552137438.187652,19
1552137438.267802,19
1552137438.296921,20
1552137438.314166,20
1552137438.330007,20
1552137438.358996,18
1552137438.376109,18
1552137438.398155,19
1552137438.571399,19
1552137438.590504,18
1552137438.634753,15
1552137438.676535,12
1552137438.693475,12
1552137438.710160,11
1552137438.727763,9
1552137438.749497,11
1552137438.773877,10
1552137438.814226,11
1552137438.854253,10
1552137438.874330,10
1552137439.029756,2
1552137439.115032,10
1552137439.137958,11
1552137439.161474,12
1552137439.194278,13
1552137439.211353,11
1552137439.240151,9
1552137439.259603,13
1552137439.289106,11
1552137439.309117,13
1552137439.333277,12
1552137439.409884,13
1552137439.434624,13
1552137439.453612,12
1552137439.471136,14
1552137439.488753,14
1552137439.508535,14
1552137439.524920,14
1552137439.549285,13
1552137439.568914,14
1552137439.587710,14
1552137439.604569,14
1552137439.622144,14
1552137439.637495,13
1552137439.657670,14
1552137439.674687,14
1552137439.697288,13
1552137439.717639,15
1552137439.736639,14
1552137439.752475,14
1552137439.772283,14
1552137439.793147,15
1552137439.813394,15
1552137439.835770,14
1552137439.851087,14
1552137439.874597,14
1552137439.923398,16
1552137439.945336,15
1552137439.971482,14
1552137439.988490,16
1552137440.011710,15
1552137440.032511,15
1552137440.054711,16
1552137440.072940,16
1552137440.087277,16
1552137440.103236,16
1552137440.119552,16
1552137440.139065,15
1552137440.155372,15
1552137440.176644,15
1552137440.193722,15
1552137440.216412,17
1552137440.238407,16
1552137440.254780,16
1552137440.272372,16
1552137440.298375,17
1552137440.320238,16
1552137440.337803,16
1552137440.357692,15
1552137440.379556,17
1552137440.405981,15
1552137440.420584,15
1552137440.436080,16
1552137440.450751,16
1552137440.464162,16
1552137440.480536,16
1552137440.495860,16
1552137440.511884,16
1552137440.534324,17
1552137440.574378,18
1552137440.591431,17
1552137440.606476,17
1552137440.620796,18
1552137440.636622,18
1552137440.665952,16
1552137440.687227,17
1552137440.702873,18
1552137440.716893,18
1552137440.730937,18
1552137440.749199,18
1552137440.767306,18
1552137440.781887,18
1552137440.796598,16
1552137440.812829,18
1552137440.831674,18
1552137440.854644,18
1552137440.868068,18
1552137440.885926,18
1552137440.900701,18
1552137440.916573,18
1552137440.933088,18
1552137440.950126,18
1552137440.966650,18
1552137440.984913,18
1552137441.006856,19
1552137441.021849,19
1552137441.036250,17
1552137441.051001,17
1552137441.064523,18
1552137441.078469,18
1552137441.093648,18
1552137441.108110,18
1552137441.137031,19
1552137441.153706,19
1552137441.168471,19
1552137441.185471,20
1552137441.201659,20
1552137441.215279,20
1552137441.241730,19
1552137441.254306,19
1552137441.268290,20
1552137441.284571,20
1552137441.304709,19
1552137441.321196,19
1552137441.338358,19
1552137441.351187,19
1552137441.364984,19
1552137441.381049,20
1552137441.394351,20
1552137441.408823,20
1552137441.423862,20
1552137441.438696,18
1552137441.454278,19
1552137441.470062,18
1552137441.483854,19
1552137441.499585,19
1552137441.515528,19
1552137441.532427,19
1552137441.547537,19
1552137441.564154,19
1552137441.582755,19
1552137441.596515,19
1552137441.610903,19
1552137441.625626,19
1552137441.639838,19
1552137441.653738,20
1552137441.668263,20
1552137441.682163,18
1552137441.697228,18
1552137441.711725,19
1552137441.726934,19
1552137441.741622,19
1552137441.755687,17
1552137441.771236,17
1552137441.786203,16
1552137441.803497,14
1552137441.817920,14
1552137441.834346,12
1552137441.847926,12
1552137441.861572,11
1552137441.874497,10
1552137441.889417,9
1552137441.903307,10
1552137441.918122,10
1552137441.934791,11
1552137441.950419,11
1552137441.966783,11
1552137441.983487,11
1552137442.001595,11
1552137442.019471,11
1552137442.034983,12
1552137442.055126,11
1552137442.069513,11
1552137442.085900,11
1552137442.100722,11
1552137442.117318,11
1552137442.135094,11
1552137442.151385,11
1552137442.166746,11
1552137442.182637,11
1552137442.196475,12
1552137442.209937,12
1552137442.222573,10
1552137442.236544,11
1552137442.252299,12
1552137442.267226,12
1552137442.281885,12
1552137442.295635,12
1552137442.308253,13
1552137442.322075,13
1552137442.337874,13
1552137442.352767,13
1552137442.368134,11
1552137442.385898,11
1552137442.399597,11
1552137442.417148,11
1552137442.434272,11
1552137442.449018,11
1552137442.466759,13
1552137442.482605,11
1552137442.498162,12
1552137442.513507,12
1552137442.526429,13
1552137442.546975,14
1552137442.565552,14
1552137442.583347,14
1552137442.599684,14
1552137442.614987,14
1552137442.630757,14
1552137442.648129,14
1552137442.661896,14
1552137442.677446,14
1552137442.690281,12
1552137442.703886,13
1552137442.719461,13
1552137442.735269,13
1552137442.750577,14
1552137442.763528,14
1552137442.776222,15
1552137442.789673,15
1552137442.802965,14
1552137442.817367,14
1552137442.832125,14
1552137442.847435,14
1552137442.861197,14
1552137442.875358,14
1552137442.891375,15
1552137442.906854,15
1552137442.922095,15
1552137442.935500,15
1552137442.950945,15
1552137442.967233,15
1552137442.984884,15
1552137442.998832,15
1552137443.013375,13
1552137443.031692,16
1552137443.048980,16
1552137443.064714,16
1552137443.081783,16
1552137443.097801,16
1552137443.112133,16
1552137443.127018,14
1552137443.141223,15
1552137443.154553,15
1552137443.168644,15
1552137443.185782,15
1552137443.200359,15
1552137443.217142,15
1552137443.234553,15
1552137443.259850,16
1552137443.278858,16
1552137443.292866,16
1552137443.308512,17
1552137443.322737,17
1552137443.342345,17
1552137443.357522,17
1552137443.377292,16
1552137443.392754,16
1552137443.407748,17
1552137443.422389,17
1552137443.440036,17
1552137443.455325,17
1552137443.470738,17
1552137443.484838,17
1552137443.502395,17
1552137443.518160,17
1552137443.548114,15
1552137443.606039,16
1552137443.626124,17
1552137443.668521,18
1552137443.691803,17
1552137443.878777,16
1552137443.902359,17
1552137443.927703,18
1552137443.958299,19
1552137443.982267,18
1552137444.012585,18
1552137444.034590,17
1552137444.065233,17
1552137444.108834,18
1552137444.159669,19
1552137444.208717,18
1552137444.243337,18
1552137444.267988,18
1552137444.288602,18
1552137444.310670,20
1552137444.551430,19
1552137444.617049,17
1552137444.696775,19
1552137444.715169,18
1552137444.736635,20
1552137444.754257,20
1552137444.778297,19
1552137444.800135,20
1552137444.815771,20
1552137444.834034,20
1552137444.850545,20
1552137444.865927,20
1552137444.885299,19
1552137445.022569,14
1552137445.057019,11
1552137445.089657,9
1552137445.123927,11
1552137445.151508,11
1552137445.187870,9
1552137445.215825,11
1552137445.232169,11
1552137445.247905,11
1552137445.266343,11
1552137445.284761,11
1552137445.302165,11
1552137445.323390,12
1552137445.338769,10
1552137445.355303,12
1552137445.379750,11
1552137445.401251,10
1552137445.417035,11
1552137445.432465,11
1552137445.450291,11
1552137445.466613,11
1552137445.490844,12
1552137445.506987,12
1552137445.547639,11
1552137445.569712,13
1552137445.584190,13
1552137445.606889,12
1552137445.622444,12
1552137445.638483,12
1552137445.652808,12
1552137445.670213,12
1552137445.685707,13
1552137445.703725,13
1552137445.719198,13
1552137445.733412,13
1552137445.748814,13
1552137445.767450,13
1552137445.785765,13
1552137445.798537,13
1552137445.812556,13
1552137445.826710,14
1552137445.840422,14
1552137445.854968,12
1552137445.869623,12
1552137445.882492,13
1552137445.898087,13
1552137445.915028,13
1552137445.929478,13
1552137445.945523,14
1552137445.959366,14
1552137445.972927,15
1552137445.987197,15
1552137446.000064,13
1552137446.014224,13
1552137446.027411,14
1552137446.040480,14
1552137446.053951,15
1552137446.067342,15
1552137446.082381,15
1552137446.096570,13
1552137446.110624,14
1552137446.130896,15
